# time,semantic,grammar,climb,minimum
1.000000000000000021e-03,6.510416666666666956e-03,4.869791666666666852e-01,5.065104166666666297e-01,2.117714285714285779e+03
8.006006006006005996e-03,1.790364583333333261e-03,4.978841145833333148e-01,5.003255208333333703e-01,2.216428571428571558e+03
1.501201201201201110e-02,8.138020833333332882e-05,5.019124348958333703e-01,4.980061848958333148e-01,2.261285714285714221e+03
2.201801801801801795e-02,3.255208333333333153e-04,5.130208333333333703e-01,4.866536458333333148e-01,2.296714285714285779e+03
2.902402402402402479e-02,7.222493489583333695e-04,5.121053059895833703e-01,4.871724446614583148e-01,2.326142857142857338e+03
3.603003003003003163e-02,1.363118489583333261e-03,5.052693684895833703e-01,4.933675130208333148e-01,2.348285714285714221e+03
4.303603603603603500e-02,3.560384114583333559e-05,5.089925130208333703e-01,4.909718831380208148e-01,2.371285714285714221e+03
5.004204204204204531e-02,1.424153645833333424e-04,5.194295247395833703e-01,4.804280598958333148e-01,2.392285714285714221e+03
5.704804804804804869e-02,6.535847981770833695e-04,5.162785847981771203e-01,4.830678304036458148e-01,2.415142857142857338e+03
6.405405405405405206e-02,1.241048177083333261e-03,5.002644856770833703e-01,4.984944661458333148e-01,2.432857142857142662e+03
7.106006006006006237e-02,1.271565755208333261e-03,5.022786458333333703e-01,4.964497884114583148e-01,2.449714285714285779e+03
7.806606606606607268e-02,1.302083333333333261e-03,5.093282063802083703e-01,4.893697102864583148e-01,2.469714285714285779e+03
8.507207207207206912e-02,2.360026041666666522e-03,5.189005533854166297e-01,4.787394205729166852e-01,2.488000000000000000e+03
9.207807807807807943e-02,4.475911458333333153e-04,5.227254231770833703e-01,4.768269856770833148e-01,2.502571428571428442e+03
9.908408408408408974e-02,2.390543619791666576e-04,5.217386881510416297e-01,4.780222574869791852e-01,2.517142857142857338e+03
1.060900900900900862e-01,1.424153645833333424e-04,5.416463216145833703e-01,4.582112630208333148e-01,2.537000000000000000e+03
1.130960960960960965e-01,1.622517903645833261e-03,5.442555745442708703e-01,4.541219075520833148e-01,2.550285714285714221e+03
1.201021021021021068e-01,1.627604166666666576e-04,5.392252604166666297e-01,4.606119791666666852e-01,2.564857142857142662e+03
1.271081081081081032e-01,4.069010416666666441e-05,5.583902994791666297e-01,4.415690104166666852e-01,2.579571428571428442e+03
1.341141141141141135e-01,2.848307291666666847e-04,5.549723307291666297e-01,4.447428385416666852e-01,2.593000000000000000e+03
1.411201201201201239e-01,1.424153645833333261e-03,5.480244954427083703e-01,4.505513509114583148e-01,2.607714285714285779e+03
1.481261261261261342e-01,3.458658854166666847e-04,5.499064127604166297e-01,4.497477213541666852e-01,2.618714285714285779e+03
1.551321321321321445e-01,9.969075520833332611e-04,5.519002278645833703e-01,4.471028645833333148e-01,2.633285714285714221e+03
1.621381381381381270e-01,3.102620442708333153e-04,5.462392171223958703e-01,4.534505208333333148e-01,2.645000000000000000e+03
1.691441441441441373e-01,8.138020833333333695e-04,5.601399739583333703e-01,4.390462239583333148e-01,2.657714285714285779e+03
1.761501501501501477e-01,1.780192057291666576e-04,5.626627604166666297e-01,4.371592203776041852e-01,2.669857142857142662e+03
1.831561561561561580e-01,2.644856770833333153e-04,5.589803059895833703e-01,4.407552083333333148e-01,2.680857142857142662e+03
1.901621621621621683e-01,8.748372395833333695e-04,5.564778645833333703e-01,4.426472981770833148e-01,2.693571428571428442e+03
1.971681681681681786e-01,2.034505208333333220e-05,5.677693684895833703e-01,4.322102864583333148e-01,2.708857142857142662e+03
2.041741741741741611e-01,5.289713541666666305e-04,5.679117838541666297e-01,4.315592447916666852e-01,2.724000000000000000e+03
2.111801801801801715e-01,7.298787434895833695e-04,5.650075276692708703e-01,4.342625935872395648e-01,2.734000000000000000e+03
2.181861861861861818e-01,6.357828776041667118e-05,5.662409464518228797e-01,4.336954752604166852e-01,2.746714285714285779e+03
2.251921921921921921e-01,2.034505208333333220e-05,5.630696614583333703e-01,4.369099934895833148e-01,2.760285714285714221e+03
2.321981981981982024e-01,4.323323567708333559e-05,5.626500447591146203e-01,4.373067220052083148e-01,2.776142857142857338e+03
2.392042042042042127e-01,8.138020833333332882e-05,5.662434895833333703e-01,4.336751302083333148e-01,2.788428571428571558e+03
2.462102102102102230e-01,1.576741536458333424e-04,5.686543782552083703e-01,4.311879475911458148e-01,2.799428571428571558e+03
2.532162162162162056e-01,1.352945963541666739e-03,5.707041422526041297e-01,4.279429117838541852e-01,2.812285714285714221e+03
2.602222222222222436e-01,3.733317057291666522e-03,5.722910563151041297e-01,4.239756266276041852e-01,2.823000000000000000e+03
2.672282282282282262e-01,3.214518229166666522e-03,5.628763834635416297e-01,4.339090983072916852e-01,2.836428571428571558e+03
2.742342342342342087e-01,4.069010416666666441e-05,5.665690104166666297e-01,4.333902994791666852e-01,2.846142857142857338e+03
2.812402402402402468e-01,3.763834635416666847e-04,5.643107096354166297e-01,4.353129069010416852e-01,2.859857142857142662e+03
2.882462462462462294e-01,2.034505208333333424e-04,5.925191243489583703e-01,4.072774251302083148e-01,2.868142857142857338e+03
2.952522522522522674e-01,1.017252604166666610e-05,5.928141276041666297e-01,4.071756998697916852e-01,2.879285714285714221e+03
3.022582582582582500e-01,2.848307291666666847e-04,5.903116861979166297e-01,4.094034830729166852e-01,2.892857142857142662e+03
3.092642642642642881e-01,2.710978190104166522e-03,5.963999430338541297e-01,4.008890787760416852e-01,2.904571428571428442e+03
3.162702702702702706e-01,8.138020833333332882e-05,5.998738606770833703e-01,4.000447591145833148e-01,2.913714285714285779e+03
3.232762762762762532e-01,2.034505208333333220e-05,5.996907552083333703e-01,4.002888997395833148e-01,2.923857142857142662e+03
3.302822822822822912e-01,1.017252604166666610e-05,6.045023600260416297e-01,3.954874674479166852e-01,2.934571428571428442e+03
3.372882882882882738e-01,4.475911458333333153e-04,5.981801350911458703e-01,4.013722737630208148e-01,2.945285714285714221e+03
3.442942942942943119e-01,6.306966145833333695e-04,6.100362141927083703e-01,3.893330891927083148e-01,2.957142857142857338e+03
3.513003003003002944e-01,1.078287760416666739e-03,6.206766764322916297e-01,3.782450358072916852e-01,2.970142857142857338e+03
3.583063063063063325e-01,5.594889322916666305e-04,6.213175455729166297e-01,3.781229654947916852e-01,2.979142857142857338e+03
3.653123123123123150e-01,2.034505208333333220e-05,6.242574055989583703e-01,3.757222493489583148e-01,2.990428571428571558e+03
3.723183183183182976e-01,3.865559895833333153e-04,6.317036946614583703e-01,3.679097493489583148e-01,3.001714285714285779e+03
3.793243243243243357e-01,2.390543619791666522e-03,6.286036173502603797e-01,3.690058390299479352e-01,3.011142857142857338e+03
3.863303303303303182e-01,9.053548177083333695e-04,6.335957845052083703e-01,3.654988606770833148e-01,3.020428571428571558e+03
3.933363363363363563e-01,1.398722330729166739e-03,6.367212931315103797e-01,3.618799845377604352e-01,3.031000000000000000e+03
4.003423423423423388e-01,5.137125651041666305e-04,6.394297281901041297e-01,3.600565592447916852e-01,3.039571428571428442e+03
4.073483483483483214e-01,2.237955729166666576e-04,6.283060709635416297e-01,3.714701334635416852e-01,3.048857142857142662e+03
4.143543543543543595e-01,3.255208333333333153e-04,6.353963216145833703e-01,3.642781575520833148e-01,3.057428571428571558e+03
4.213603603603603420e-01,1.703898111979166576e-04,6.406275431315103797e-01,3.592020670572916852e-01,3.065428571428571558e+03
4.283663663663663801e-01,5.086263020833333051e-06,6.553700764973958703e-01,3.446248372395833148e-01,3.075285714285714221e+03
4.353723723723723626e-01,2.034505208333333220e-05,6.537068684895833703e-01,3.462727864583333148e-01,3.083428571428571558e+03
4.423783783783784007e-01,3.153483072916666847e-04,6.565958658854166297e-01,3.430887858072916852e-01,3.091571428571428442e+03
4.493843843843843833e-01,1.627604166666666576e-04,6.574503580729166297e-01,3.423868815104166852e-01,3.099285714285714221e+03
4.563903903903903658e-01,2.034505208333333220e-05,6.600545247395833703e-01,3.399251302083333148e-01,3.108428571428571558e+03
4.633963963963964039e-01,1.139322916666666739e-03,6.598307291666666297e-01,3.390299479166666852e-01,3.119714285714285779e+03
4.704024024024023864e-01,6.917317708333333695e-04,6.568196614583333703e-01,3.424886067708333148e-01,3.129428571428571558e+03
4.774084084084084245e-01,1.139322916666666739e-03,6.577555338541666297e-01,3.411051432291666852e-01,3.138000000000000000e+03
4.844144144144144071e-01,1.627604166666666576e-04,6.793619791666666297e-01,3.204752604166666852e-01,3.144857142857142662e+03
4.914204204204204451e-01,3.560384114583333153e-04,6.562550862630208703e-01,3.433888753255208148e-01,3.156142857142857338e+03
4.984264264264264277e-01,5.086263020833333559e-05,6.776326497395833703e-01,3.223164876302083148e-01,3.161714285714285779e+03
5.054324324324324103e-01,1.818339029947916576e-04,6.774050394694010047e-01,3.224131266276041852e-01,3.168571428571428442e+03
5.124384384384383928e-01,1.627604166666666576e-04,6.770426432291666297e-01,3.227945963541666852e-01,3.175571428571428442e+03
5.194444444444444864e-01,3.865559895833333153e-04,6.781209309895833703e-01,3.214925130208333148e-01,3.184714285714285779e+03
5.264504504504504689e-01,3.217061360677083153e-04,6.790517171223958703e-01,3.206265767415364398e-01,3.193428571428571558e+03
5.334564564564564515e-01,1.017252604166666610e-05,6.757609049479166297e-01,3.242289225260416852e-01,3.202142857142857338e+03
5.404624624624624341e-01,4.069010416666666441e-05,6.743570963541666297e-01,3.256022135416666852e-01,3.208142857142857338e+03
5.474684684684684166e-01,4.475911458333333153e-04,6.753743489583333703e-01,3.241780598958333148e-01,3.217285714285714221e+03
5.544744744744745102e-01,5.086263020833333051e-06,6.942036946614583703e-01,3.057912190755208148e-01,3.227285714285714221e+03
5.614804804804804927e-01,2.034505208333333220e-05,6.889546712239583703e-01,3.110249837239583148e-01,3.234714285714285779e+03
5.684864864864864753e-01,4.170735677083333153e-04,6.889546712239583703e-01,3.106282552083333148e-01,3.242142857142857338e+03
5.754924924924924579e-01,1.118977864583333288e-04,6.877950032552083703e-01,3.120930989583333148e-01,3.250285714285714221e+03
5.824984984984985514e-01,2.110799153645833424e-04,6.894505818684896203e-01,3.103383382161458148e-01,3.258857142857142662e+03
5.895045045045045340e-01,5.594889322916666441e-05,6.910807291666666297e-01,3.088633219401041852e-01,3.264142857142857338e+03
5.965105105105105165e-01,2.848307291666666847e-04,6.897989908854166297e-01,3.099161783854166852e-01,3.273285714285714221e+03
6.035165165165164991e-01,8.138020833333332882e-05,6.954549153645833703e-01,3.044637044270833148e-01,3.282428571428571558e+03
6.105225225225224817e-01,1.017252604166666610e-05,6.916605631510416297e-01,3.083292643229166852e-01,3.287857142857142662e+03
6.175285285285285752e-01,2.034505208333333424e-04,6.929601033528646203e-01,3.068364461263020648e-01,3.296571428571428442e+03
6.245345345345345578e-01,2.950032552083333153e-04,7.005818684895833703e-01,2.991231282552083148e-01,3.305428571428571558e+03
6.315405405405405403e-01,1.017252604166666610e-05,6.953226725260416297e-01,3.046671549479166852e-01,3.311571428571428442e+03
6.385465465465465229e-01,1.932779947916666576e-04,7.109781901041666297e-01,2.888285319010416852e-01,3.319571428571428442e+03
6.455525525525525055e-01,3.763834635416666847e-04,7.151285807291666297e-01,2.844950358072916852e-01,3.326857142857142662e+03
6.525585585585585990e-01,1.627604166666666576e-04,7.164713541666666297e-01,2.833658854166666852e-01,3.332142857142857338e+03
6.595645645645645816e-01,3.153483072916666847e-04,7.143961588541666297e-01,2.852884928385416852e-01,3.338000000000000000e+03
6.665705705705705642e-01,2.604166666666666522e-03,7.135416666666666297e-01,2.838541666666666852e-01,3.344285714285714221e+03
6.735765765765765467e-01,7.832845052083333695e-04,7.114461263020833703e-01,2.877705891927083148e-01,3.351714285714285779e+03
6.805825825825825293e-01,1.108805338541666739e-03,7.088267008463541297e-01,2.900644938151041852e-01,3.361142857142857338e+03
6.875885885885886228e-01,2.950032552083333153e-04,7.327473958333333703e-01,2.669576009114583148e-01,3.368428571428571558e+03
6.945945945945946054e-01,4.781087239583333153e-04,7.318013509114583703e-01,2.677205403645833148e-01,3.373714285714285779e+03
7.016006006006005880e-01,8.265177408854167118e-05,7.415339152018228797e-01,2.583834330240885602e-01,3.380571428571428442e+03
7.086066066066065705e-01,3.560384114583333559e-05,7.317403157552083703e-01,2.682240804036458148e-01,3.384285714285714221e+03
7.156126126126126641e-01,8.951822916666666305e-04,7.328287760416666297e-01,2.662760416666666852e-01,3.391714285714285779e+03
7.226186186186186466e-01,2.848307291666666847e-04,7.336527506510416297e-01,2.660624186197916852e-01,3.396428571428571558e+03
7.296246246246246292e-01,3.255208333333333153e-04,7.317708333333333703e-01,2.679036458333333148e-01,3.402857142857142662e+03
7.366306306306306118e-01,5.594889322916666441e-05,7.306315104166666297e-01,2.693125406901041852e-01,3.409142857142857338e+03
7.436366366366365943e-01,1.322428385416666576e-04,7.553660074869791297e-01,2.445017496744791574e-01,3.416714285714285779e+03
7.506426426426426879e-01,2.034505208333333220e-05,7.576497395833333703e-01,2.423299153645833426e-01,3.423142857142857338e+03
7.576486486486486704e-01,1.322428385416666576e-04,7.560526529947916297e-01,2.438151041666666574e-01,3.429142857142857338e+03
7.646546546546546530e-01,5.086263020833333051e-06,7.525380452473958703e-01,2.474568684895833426e-01,3.432714285714285779e+03
7.716606606606606356e-01,8.138020833333333695e-04,7.608311971028646203e-01,2.383550008138020926e-01,3.440857142857142662e+03
7.786666666666666181e-01,5.594889322916666305e-04,7.633463541666666297e-01,2.360941569010416574e-01,3.445857142857142662e+03
7.856726726726727117e-01,9.358723958333333695e-04,7.642110188802083703e-01,2.348531087239583426e-01,3.450714285714285779e+03
7.926786786786786942e-01,6.306966145833333695e-04,7.648824055989583703e-01,2.344868977864583426e-01,3.454857142857142662e+03
7.996846846846846768e-01,1.063028971354166739e-03,7.667795817057291297e-01,2.321573893229166574e-01,3.459428571428571558e+03
8.066906906906906594e-01,3.255208333333333153e-04,7.688496907552083703e-01,2.308247884114583426e-01,3.464571428571428442e+03
8.136966966966966419e-01,1.017252604166666610e-05,7.659861246744791297e-01,2.340037027994791574e-01,3.468714285714285779e+03
8.207027027027027355e-01,3.041585286458333478e-03,7.741597493489583703e-01,2.227986653645833426e-01,3.473857142857142662e+03
8.277087087087087180e-01,2.950032552083333478e-03,7.711385091145833703e-01,2.259114583333333426e-01,3.478857142857142662e+03
8.347147147147147006e-01,1.017252604166666712e-04,7.656351725260416297e-01,2.342631022135416574e-01,3.482571428571428442e+03
8.417207207207206832e-01,1.246134440104166576e-04,7.687327067057291297e-01,2.311426798502604074e-01,3.486857142857142662e+03
8.487267267267267767e-01,9.562174479166666305e-04,7.674357096354166297e-01,2.316080729166666574e-01,3.491428571428571558e+03
8.557327327327327593e-01,2.034505208333333220e-05,7.728169759114583703e-01,2.271626790364583426e-01,3.494285714285714221e+03
8.627387387387387419e-01,3.255208333333333153e-04,7.722676595052083703e-01,2.274068196614583426e-01,3.498428571428571558e+03
8.697447447447447244e-01,5.289713541666666305e-04,7.728068033854166297e-01,2.266642252604166574e-01,3.503571428571428442e+03
8.767507507507507070e-01,2.237955729166666576e-04,7.732035319010416297e-01,2.265726725260416574e-01,3.507000000000000000e+03
8.837567567567568005e-01,3.484090169270833153e-04,7.745259602864583703e-01,2.251256306966145926e-01,3.511571428571428442e+03
8.907627627627627831e-01,2.248128255208333478e-03,7.683919270833333703e-01,2.293599446614583426e-01,3.517285714285714221e+03
8.977687687687687657e-01,5.544026692708333695e-04,7.765706380208333703e-01,2.228749593098958426e-01,3.519714285714285779e+03
9.047747747747747482e-01,2.644856770833333153e-04,7.709096272786458703e-01,2.288258870442708426e-01,3.524571428571428442e+03
9.117807807807807308e-01,1.118977864583333288e-04,8.123524983723958703e-01,1.875356038411458426e-01,3.529000000000000000e+03
9.187867867867868243e-01,7.222493489583333695e-04,8.111317952473958703e-01,1.881459554036458426e-01,3.534428571428571558e+03
9.257927927927928069e-01,2.339680989583333424e-04,8.119557698567708703e-01,1.878102620442708426e-01,3.537428571428571558e+03
9.327987987987987895e-01,3.534952799479166847e-04,8.118921915690103797e-01,1.877543131510416574e-01,3.541285714285714221e+03
9.398048048048047720e-01,1.729329427083333424e-04,8.117879231770833703e-01,1.880391438802083426e-01,3.544571428571428442e+03
9.468108108108107546e-01,1.093546549479166712e-04,8.123881022135416297e-01,1.875025431315104074e-01,3.548285714285714221e+03
9.538168168168168481e-01,2.034505208333333220e-05,8.123067220052083703e-01,1.876729329427083426e-01,3.551571428571428442e+03
9.608228228228228307e-01,5.086263020833333051e-06,8.121541341145833703e-01,1.878407796223958426e-01,3.555857142857142662e+03
9.678288288288288133e-01,9.409586588541667118e-05,8.120829264322916297e-01,1.878229777018229074e-01,3.559142857142857338e+03
9.748348348348347958e-01,2.344767252604166522e-03,8.097407023111978797e-01,1.879145304361979074e-01,3.562857142857142662e+03
9.818408408408408894e-01,4.069010416666666441e-05,8.232676188151041297e-01,1.766916910807291574e-01,3.559142857142857338e+03
9.888468468468468719e-01,1.017252604166666610e-05,8.241068522135416297e-01,1.758829752604166574e-01,3.562000000000000000e+03
9.958528528528528545e-01,2.034505208333333220e-05,8.241780598958333703e-01,1.758015950520833426e-01,3.565142857142857338e+03
1.002858858858858726e+00,3.458658854166666847e-04,8.390909830729166297e-01,1.605631510416666574e-01,3.569000000000000000e+03
1.009864864864864709e+00,6.306966145833333695e-04,8.386128743489583703e-01,1.607564290364583426e-01,3.571571428571428442e+03
1.016870870870870691e+00,2.034505208333333220e-05,8.396199544270833703e-01,1.603597005208333426e-01,3.573571428571428442e+03
1.023876876876876674e+00,2.848307291666666847e-04,8.394571940104166297e-01,1.602579752604166574e-01,3.576428571428571558e+03
1.030882882882882878e+00,2.950032552083333153e-04,8.384602864583333703e-01,1.612447102864583426e-01,3.579428571428571558e+03
1.037888888888888861e+00,6.357828776041666305e-04,8.385416666666666297e-01,1.608225504557291574e-01,3.581571428571428442e+03
1.044894894894894843e+00,5.086263020833333051e-06,8.387654622395833703e-01,1.612294514973958426e-01,3.584857142857142662e+03
1.051900900900900826e+00,3.407796223958333153e-04,8.409322102864583703e-01,1.587270100911458426e-01,3.587857142857142662e+03
1.058906906906906809e+00,5.900065104166666305e-04,8.396708170572916297e-01,1.597391764322916574e-01,3.591714285714285779e+03
1.065912912912912791e+00,3.560384114583333559e-05,8.415120442708333703e-01,1.584523518880208426e-01,3.593142857142857338e+03
1.072918918918918774e+00,1.017252604166666610e-05,8.419901529947916297e-01,1.579996744791666574e-01,3.596857142857142662e+03
1.079924924924924756e+00,1.780192057291666780e-05,8.434702555338541297e-01,1.565119425455729074e-01,3.599000000000000000e+03
1.086930930930930739e+00,8.748372395833333695e-04,8.598836263020833703e-01,1.392415364583333426e-01,3.605857142857142662e+03
1.093936936936936721e+00,2.886454264322916847e-04,8.593813578287760047e-01,1.403299967447916574e-01,3.607571428571428442e+03
1.100942942942942926e+00,2.848307291666666847e-04,8.602091471354166297e-01,1.395060221354166574e-01,3.609857142857142662e+03
1.107948948948948908e+00,9.409586588541666305e-04,8.596293131510416297e-01,1.394297281901041574e-01,3.611857142857142662e+03
1.114954954954954891e+00,1.017252604166666712e-04,8.609415690104166297e-01,1.389567057291666574e-01,3.613857142857142662e+03
1.121960960960960874e+00,8.138020833333332882e-05,8.595784505208333703e-01,1.403401692708333426e-01,3.616428571428571558e+03
1.128966966966966856e+00,4.781087239583333153e-04,8.599141438802083703e-01,1.396077473958333426e-01,3.617571428571428442e+03
1.135972972972972839e+00,6.306966145833333695e-04,8.659871419270833703e-01,1.333821614583333426e-01,3.620428571428571558e+03
1.142978978978978821e+00,2.034505208333333220e-05,8.636830647786458703e-01,1.362965901692708426e-01,3.622428571428571558e+03
1.149984984984984804e+00,3.077189127604166847e-04,8.646799723307291297e-01,1.350123087565104074e-01,3.624857142857142662e+03
1.156990990990990786e+00,3.560384114583333559e-05,8.646672566731771203e-01,1.352971394856770926e-01,3.626714285714285779e+03
1.163996996996996991e+00,3.255208333333333153e-04,8.644002278645833703e-01,1.352742513020833426e-01,3.628000000000000000e+03
1.171003003003002974e+00,2.034505208333333424e-04,8.687947591145833703e-01,1.310017903645833426e-01,3.629714285714285779e+03
1.178009009009008956e+00,1.352945963541666739e-03,8.675028483072916297e-01,1.311442057291666574e-01,3.631000000000000000e+03
1.185015015015014939e+00,2.034505208333333220e-05,8.686421712239583703e-01,1.313374837239583426e-01,3.633000000000000000e+03
1.192021021021020921e+00,1.231829325358072989e-03,8.676087061564127234e-01,1.311594645182291574e-01,3.633571428571428442e+03
1.199027027027026904e+00,4.221598307291666847e-04,8.691355387369791297e-01,1.304423014322916574e-01,3.636571428571428442e+03
1.206033033033032886e+00,1.475016276041666576e-04,8.688303629557291297e-01,1.310221354166666574e-01,3.637714285714285779e+03
1.213039039039038869e+00,4.526774088541666847e-04,8.692728678385416297e-01,1.302744547526041574e-01,3.639285714285714221e+03
1.220045045045044851e+00,1.627604166666666576e-04,8.696695963541666297e-01,1.301676432291666574e-01,3.641142857142857338e+03
1.227051051051050834e+00,8.646647135416667118e-05,8.699518839518228797e-01,1.299616495768229074e-01,3.643142857142857338e+03
1.234057057057057039e+00,4.933675130208333695e-04,8.714192708333333703e-01,1.280873616536458426e-01,3.644571428571428442e+03
1.241063063063063021e+00,8.977254231770833695e-04,8.711293538411458703e-01,1.279729207356770926e-01,3.646285714285714221e+03
1.248069069069069004e+00,8.138020833333332882e-05,8.806050618489583703e-01,1.193135579427083287e-01,3.645714285714285779e+03
1.255075075075074986e+00,3.255208333333333153e-04,8.806966145833333703e-01,1.189778645833333287e-01,3.647285714285714221e+03
1.262081081081080969e+00,3.153483072916666847e-04,8.805948893229166297e-01,1.190897623697916713e-01,3.649285714285714221e+03
1.269087087087086951e+00,1.576741536458333424e-04,8.808186848958333703e-01,1.190236409505208287e-01,3.650428571428571558e+03
1.276093093093092934e+00,2.950032552083333153e-04,8.796284993489583703e-01,1.200764973958333287e-01,3.652000000000000000e+03
1.283099099099098916e+00,4.069010416666666441e-05,8.794962565104166297e-01,1.204630533854166713e-01,3.653285714285714221e+03
1.290105105105104899e+00,6.001790364583333695e-04,8.794148763020833703e-01,1.199849446614583287e-01,3.655571428571428442e+03
1.297111111111111104e+00,1.729329427083333424e-04,8.761342366536458703e-01,1.236928304036458287e-01,3.656714285714285779e+03
1.304117117117117086e+00,7.222493489583333695e-04,8.774617513020833703e-01,1.218159993489583287e-01,3.658714285714285779e+03
1.311123123123123069e+00,9.409586588541666305e-04,8.774210611979166297e-01,1.216379801432291713e-01,3.660000000000000000e+03
1.318129129129129051e+00,8.748372395833333695e-04,8.772176106770833703e-01,1.219075520833333287e-01,3.661428571428571558e+03
1.325135135135135034e+00,8.341471354166666305e-04,8.765055338541666297e-01,1.226603190104166713e-01,3.662428571428571558e+03
1.332141141141141016e+00,3.255208333333333153e-04,8.769124348958333703e-01,1.227620442708333287e-01,3.663285714285714221e+03
1.339147147147146999e+00,3.458658854166666847e-04,8.855387369791666297e-01,1.141153971354166713e-01,3.665428571428571558e+03
1.346153153153152982e+00,1.017252604166666712e-04,8.853556315104166297e-01,1.145426432291666713e-01,3.666714285714285779e+03
1.353159159159158964e+00,3.255208333333333153e-04,8.850911458333333703e-01,1.145833333333333287e-01,3.668571428571428442e+03
1.360165165165164947e+00,8.951822916666666305e-04,8.843180338541666297e-01,1.147867838541666713e-01,3.669857142857142662e+03
1.367171171171171151e+00,6.968180338541666305e-04,8.846537272135416297e-01,1.146494547526041713e-01,3.670714285714285779e+03
1.374177177177177134e+00,2.848307291666666847e-04,9.056345621744791297e-01,9.408060709635417129e-02,3.672428571428571558e+03
1.381183183183183116e+00,1.118977864583333288e-04,9.058278401692708703e-01,9.406026204427082871e-02,3.673000000000000000e+03
1.388189189189189099e+00,8.138020833333332882e-05,9.058430989583333703e-01,9.407552083333332871e-02,3.674000000000000000e+03
1.395195195195195081e+00,1.627604166666666576e-04,9.054361979166666297e-01,9.440104166666667129e-02,3.675000000000000000e+03
1.402201201201201064e+00,4.069010416666666441e-05,9.069620768229166297e-01,9.299723307291667129e-02,3.674142857142857338e+03
1.409207207207207047e+00,2.543131510416666525e-06,9.098345438639322547e-01,9.016291300455729629e-02,3.675428571428571558e+03
1.416213213213213029e+00,8.138020833333332882e-05,9.119466145833333703e-01,8.797200520833332871e-02,3.676000000000000000e+03
1.423219219219219012e+00,2.644856770833333153e-04,9.107106526692708703e-01,8.902486165364582871e-02,3.676857142857142662e+03
1.430225225225225216e+00,1.729329427083333424e-04,9.230092366536458703e-01,7.681783040364582871e-02,3.677142857142857338e+03
1.437231231231231199e+00,6.001790364583333695e-04,9.227345784505208703e-01,7.666524251302082871e-02,3.677571428571428442e+03
1.444237237237237181e+00,5.594889322916666441e-05,9.119288126627603797e-01,8.801523844401042129e-02,3.679000000000000000e+03
1.451243243243243164e+00,1.627604166666666576e-04,9.210306803385416297e-01,7.880655924479167129e-02,3.680428571428571558e+03
1.458249249249249146e+00,1.627604166666666576e-04,9.210611979166666297e-01,7.877604166666667129e-02,3.681142857142857338e+03
1.465255255255255129e+00,1.627604166666666576e-04,9.117838541666666297e-01,8.805338541666667129e-02,3.681714285714285779e+03
1.472261261261261112e+00,1.017252604166666610e-05,9.113260904947916297e-01,8.866373697916667129e-02,3.682142857142857338e+03
1.479267267267267094e+00,2.619425455729166847e-04,9.207369486490885047e-01,7.900110880533854629e-02,3.682285714285714221e+03
1.486273273273273077e+00,9.663899739583332882e-05,9.210027058919271203e-01,7.890065511067707871e-02,3.682857142857142662e+03
1.493279279279279059e+00,1.017252604166666610e-05,9.250590006510416297e-01,7.493082682291667129e-02,3.682428571428571558e+03
1.500285285285285264e+00,1.139322916666666739e-03,9.235788981119791297e-01,7.528177897135417129e-02,3.685142857142857338e+03
1.507291291291291246e+00,1.017252604166666610e-05,9.231363932291666297e-01,7.685343424479167129e-02,3.685142857142857338e+03
1.514297297297297229e+00,1.017252604166666610e-05,9.245402018229166297e-01,7.544962565104167129e-02,3.685428571428571558e+03
1.521303303303303212e+00,4.526774088541666847e-04,9.220072428385416297e-01,7.754007975260417129e-02,3.686714285714285779e+03
1.528309309309309194e+00,1.424153645833333424e-04,9.226888020833333703e-01,7.716878255208332871e-02,3.687285714285714221e+03
1.535315315315315177e+00,8.443196614583333695e-04,9.220784505208333703e-01,7.707722981770832871e-02,3.687857142857142662e+03
1.542321321321321159e+00,2.644856770833333153e-04,9.251302083333333703e-01,7.460530598958332871e-02,3.688571428571428442e+03
1.549327327327327142e+00,8.951822916666666305e-04,9.219309488932291297e-01,7.717386881510417129e-02,3.689571428571428442e+03
1.556333333333333124e+00,1.017252604166666712e-04,9.230143229166666297e-01,7.688395182291667129e-02,3.690285714285714221e+03
1.563339339339339329e+00,4.069010416666666847e-04,9.231058756510416297e-01,7.648722330729167129e-02,3.691000000000000000e+03
1.570345345345345311e+00,3.255208333333333153e-04,9.231770833333333703e-01,7.649739583333332871e-02,3.692000000000000000e+03
1.577351351351351294e+00,3.255208333333333153e-04,9.246419270833333703e-01,7.503255208333332871e-02,3.692571428571428442e+03
1.584357357357357277e+00,1.424153645833333424e-04,9.243977864583333703e-01,7.545979817708332871e-02,3.693571428571428442e+03
1.591363363363363259e+00,3.560384114583333153e-04,9.230855305989583703e-01,7.655843098958332871e-02,3.694142857142857338e+03
1.598369369369369242e+00,5.696614583333333695e-04,9.226888020833333703e-01,7.674153645833332871e-02,3.694857142857142662e+03
1.605375375375375224e+00,6.612141927083332882e-05,9.232076009114583703e-01,7.672627766927082871e-02,3.695142857142857338e+03
1.612381381381381207e+00,8.138020833333332882e-05,9.232991536458333703e-01,7.661946614583332871e-02,3.696285714285714221e+03
1.619387387387387189e+00,2.848307291666666847e-04,9.245096842447916297e-01,7.520548502604167129e-02,3.696714285714285779e+03
1.626393393393393172e+00,6.306966145833333695e-04,9.303181966145833703e-01,6.905110677083332871e-02,3.698000000000000000e+03
1.633399399399399377e+00,1.627604166666666576e-04,9.300944010416666297e-01,6.974283854166667129e-02,3.698714285714285779e+03
1.640405405405405359e+00,1.017252604166666610e-05,9.286905924479166297e-01,7.129923502604167129e-02,3.699714285714285779e+03
1.647411411411411342e+00,3.000895182291666847e-04,9.309946695963541297e-01,6.870524088541667129e-02,3.700142857142857338e+03
1.654417417417417324e+00,1.729329427083333424e-04,9.241536458333333703e-01,7.567342122395832871e-02,3.701285714285714221e+03
1.661423423423423307e+00,3.000895182291666847e-04,9.278513590494791297e-01,7.184855143229167129e-02,3.701142857142857338e+03
1.668429429429429289e+00,1.780192057291666576e-04,9.405924479166666297e-01,5.922953287760416435e-02,3.700857142857142662e+03
1.675435435435435272e+00,2.237955729166666576e-04,9.409586588541666297e-01,5.881754557291666435e-02,3.701571428571428442e+03
1.682441441441441254e+00,1.424153645833333424e-04,9.411214192708333703e-01,5.873616536458333565e-02,3.701857142857142662e+03
1.689447447447447237e+00,8.138020833333332882e-05,9.412434895833333703e-01,5.867513020833333565e-02,3.702428571428571558e+03
1.696453453453453442e+00,2.034505208333333220e-05,9.413655598958333703e-01,5.861409505208333565e-02,3.702857142857142662e+03
1.703459459459459424e+00,3.865559895833333153e-04,9.395955403645833703e-01,6.001790364583333565e-02,3.703857142857142662e+03
1.710465465465465407e+00,1.627604166666666576e-04,9.396158854166666297e-01,6.022135416666666435e-02,3.704000000000000000e+03
1.717471471471471389e+00,2.873738606770833153e-04,9.394887288411458703e-01,6.022389729817708565e-02,3.704285714285714221e+03
1.724477477477477372e+00,2.085367838541666576e-04,9.395319620768228797e-01,6.025950113932291435e-02,3.704571428571428442e+03
1.731483483483483354e+00,4.374186197916666847e-04,9.394632975260416297e-01,6.009928385416666435e-02,3.705000000000000000e+03
1.738489489489489337e+00,4.069010416666666847e-04,9.394632975260416297e-01,6.012980143229166435e-02,3.705571428571428442e+03
1.745495495495495319e+00,2.543131510416666847e-04,9.395701090494791297e-01,6.017557779947916435e-02,3.705714285714285779e+03
1.752501501501501302e+00,5.849202473958333695e-04,9.397633870442708703e-01,5.965169270833333565e-02,3.705714285714285779e+03
1.759507507507507285e+00,4.069010416666666847e-04,9.399820963541666297e-01,5.961100260416666435e-02,3.706285714285714221e+03
1.766513513513513489e+00,1.017252604166666610e-05,9.403940836588541297e-01,5.959574381510416435e-02,3.706285714285714221e+03
1.773519519519519472e+00,4.069010416666666441e-05,9.404703776041666297e-01,5.948893229166666435e-02,3.707000000000000000e+03
1.780525525525525454e+00,5.086263020833333051e-06,9.404881795247396203e-01,5.950673421223958565e-02,3.707142857142857338e+03
1.787531531531531437e+00,2.909342447916666522e-03,9.540812174479166297e-01,4.300944010416666435e-02,3.713000000000000000e+03
1.794537537537537419e+00,1.302083333333333261e-03,9.544270833333333703e-01,4.427083333333333565e-02,3.714285714285714221e+03
1.801543543543543402e+00,3.214518229166666522e-03,9.544474283854166297e-01,4.233805338541666435e-02,3.713428571428571558e+03
1.808549549549549385e+00,2.934773763020833478e-03,9.543202718098958703e-01,4.274495442708333565e-02,3.713714285714285779e+03
1.815555555555555367e+00,2.660115559895833478e-03,9.580128987630208703e-01,3.932698567708333565e-02,3.714000000000000000e+03
1.822561561561561350e+00,2.649943033854166522e-03,9.580179850260416297e-01,3.933207194010416435e-02,3.714000000000000000e+03
1.829567567567567554e+00,3.194173177083333478e-03,9.574788411458333703e-01,3.932698567708333565e-02,3.714714285714285779e+03
1.836573573573573537e+00,3.133138020833333478e-03,9.575703938802083703e-01,3.929646809895833565e-02,3.714714285714285779e+03
1.843579579579579519e+00,6.612141927083333695e-04,9.537556966145833703e-01,4.558308919270833565e-02,3.715000000000000000e+03
1.850585585585585502e+00,2.459208170572916522e-03,9.583994547526041297e-01,3.914133707682291435e-02,3.714571428571428442e+03
1.857591591591591484e+00,1.078287760416666739e-03,9.739176432291666297e-01,2.500406901041666782e-02,3.716142857142857338e+03
1.864597597597597467e+00,6.459554036458333695e-04,9.743092854817708703e-01,2.504475911458333218e-02,3.716428571428571558e+03
1.871603603603603450e+00,3.407796223958333153e-04,9.744141896565755578e-01,2.524503072102864468e-02,3.716428571428571558e+03
1.878609609609609432e+00,4.069010416666666847e-04,9.743754069010416297e-01,2.521769205729166782e-02,3.716571428571428442e+03
1.885615615615615415e+00,4.170735677083333153e-04,9.743779500325521203e-01,2.520497639973958218e-02,3.716428571428571558e+03
1.892621621621621397e+00,3.306070963541666847e-04,9.744364420572916297e-01,2.523295084635416782e-02,3.716571428571428442e+03
1.899627627627627602e+00,1.958211263020833478e-03,9.726460774739583703e-01,2.539571126302083218e-02,3.717285714285714221e+03
1.906633633633633584e+00,2.003987630208333478e-03,9.723714192708333703e-01,2.562459309895833218e-02,3.717571428571428442e+03
1.913639639639639567e+00,4.475911458333333153e-04,9.742635091145833703e-01,2.528889973958333218e-02,3.717285714285714221e+03
1.920645645645645549e+00,2.009073893229166522e-03,9.723765055338541297e-01,2.561442057291666782e-02,3.717857142857142662e+03
1.927651651651651532e+00,2.187093098958333424e-04,9.744847615559896203e-01,2.529652913411458218e-02,3.717571428571428442e+03
1.934657657657657515e+00,2.314249674479166576e-04,9.744822184244791297e-01,2.528635660807291782e-02,3.717571428571428442e+03
1.941663663663663497e+00,1.566569010416666739e-03,9.744364420572916297e-01,2.399698893229166782e-02,3.718142857142857338e+03
1.948669669669669480e+00,1.810709635416666739e-03,9.739176432291666297e-01,2.427164713541666782e-02,3.718285714285714221e+03
1.955675675675675462e+00,1.780192057291666739e-03,9.739786783854166297e-01,2.424112955729166782e-02,3.718285714285714221e+03
1.962681681681681667e+00,1.848856608072916739e-03,9.738299051920572547e-01,2.432123819986979282e-02,3.718142857142857338e+03
1.969687687687687649e+00,4.069010416666666441e-05,9.920450846354166297e-01,7.914225260416666088e-03,3.718285714285714221e+03
1.976693693693693632e+00,2.237955729166666576e-04,9.918238321940103797e-01,7.952372233072916088e-03,3.718000000000000000e+03
1.983699699699699615e+00,2.237955729166666576e-04,9.918238321940103797e-01,7.952372233072916088e-03,3.718000000000000000e+03
1.990705705705705597e+00,2.301534016927083424e-04,9.918225606282552453e-01,7.947285970052083912e-03,3.718000000000000000e+03
1.997711711711711580e+00,1.871744791666666739e-03,9.968668619791666297e-01,1.261393229166666739e-03,3.719571428571428442e+03
2.004717717717717562e+00,1.871744791666666739e-03,9.968668619791666297e-01,1.261393229166666739e-03,3.719571428571428442e+03
2.011723723723723545e+00,1.504262288411458261e-03,9.975093205769857141e-01,9.864171346028645111e-04,3.719285714285714221e+03
2.018729729729729527e+00,1.475016276041666739e-03,9.975382486979166297e-01,9.867350260416667389e-04,3.719428571428571558e+03
2.025735735735735510e+00,1.475016276041666739e-03,9.975382486979166297e-01,9.867350260416667389e-04,3.719428571428571558e+03
2.032741741741741492e+00,1.475016276041666739e-03,9.975382486979166297e-01,9.867350260416667389e-04,3.719428571428571558e+03
2.039747747747747475e+00,1.475016276041666739e-03,9.975382486979166297e-01,9.867350260416667389e-04,3.719428571428571558e+03
2.046753753753753458e+00,1.475016276041666739e-03,9.975382486979166297e-01,9.867350260416667389e-04,3.719428571428571558e+03
2.053759759759759440e+00,1.475016276041666739e-03,9.975382486979166297e-01,9.867350260416667389e-04,3.719428571428571558e+03
2.060765765765765867e+00,1.475016276041666739e-03,9.975382486979166297e-01,9.867350260416667389e-04,3.719428571428571558e+03
2.067771771771771849e+00,1.352945963541666739e-03,9.972635904947916297e-01,1.383463541666666739e-03,3.719285714285714221e+03
2.074777777777777832e+00,1.332600911458333261e-03,9.972737630208333703e-01,1.393636067708333261e-03,3.719285714285714221e+03
2.081783783783783814e+00,1.352945963541666739e-03,9.972635904947916297e-01,1.383463541666666739e-03,3.719285714285714221e+03
2.088789789789789797e+00,1.352945963541666739e-03,9.972635904947916297e-01,1.383463541666666739e-03,3.719285714285714221e+03
2.095795795795795780e+00,1.347859700520833261e-03,9.972737630208333703e-01,1.378377278645833261e-03,3.719285714285714221e+03
2.102801801801801762e+00,1.347859700520833261e-03,9.972737630208333703e-01,1.378377278645833261e-03,3.719285714285714221e+03
2.109807807807807745e+00,1.352945963541666739e-03,9.972941080729166297e-01,1.352945963541666739e-03,3.719285714285714221e+03
2.116813813813813727e+00,1.352945963541666739e-03,9.972941080729166297e-01,1.352945963541666739e-03,3.719285714285714221e+03
2.123819819819819710e+00,1.352945963541666739e-03,9.972941080729166297e-01,1.352945963541666739e-03,3.719285714285714221e+03
2.130825825825825692e+00,1.352945963541666739e-03,9.972941080729166297e-01,1.352945963541666739e-03,3.719285714285714221e+03
2.137831831831831675e+00,1.352945963541666739e-03,9.972941080729166297e-01,1.352945963541666739e-03,3.719285714285714221e+03
2.144837837837837657e+00,1.352945963541666739e-03,9.972941080729166297e-01,1.352945963541666739e-03,3.719285714285714221e+03
2.151843843843843640e+00,1.352945963541666739e-03,9.972941080729166297e-01,1.352945963541666739e-03,3.719285714285714221e+03
2.158849849849849623e+00,1.352945963541666739e-03,9.972941080729166297e-01,1.352945963541666739e-03,3.719285714285714221e+03
2.165855855855855605e+00,1.347859700520833261e-03,9.973042805989583703e-01,1.347859700520833261e-03,3.719285714285714221e+03
2.172861861861861588e+00,1.347859700520833261e-03,9.973042805989583703e-01,1.347859700520833261e-03,3.719285714285714221e+03
2.179867867867867570e+00,1.347859700520833261e-03,9.973042805989583703e-01,1.347859700520833261e-03,3.719285714285714221e+03
2.186873873873873553e+00,1.347859700520833261e-03,9.973042805989583703e-01,1.347859700520833261e-03,3.719285714285714221e+03
2.193879879879879979e+00,1.345316569010416739e-03,9.973093668619791297e-01,1.345316569010416739e-03,3.719285714285714221e+03
2.200885885885885962e+00,1.352945963541666739e-03,9.972941080729166297e-01,1.352945963541666739e-03,3.719428571428571558e+03
2.207891891891891945e+00,1.352945963541666739e-03,9.972941080729166297e-01,1.352945963541666739e-03,3.719428571428571558e+03
2.214897897897897927e+00,1.352945963541666739e-03,9.972941080729166297e-01,1.352945963541666739e-03,3.719428571428571558e+03
2.221903903903903910e+00,1.352945963541666739e-03,9.972941080729166297e-01,1.352945963541666739e-03,3.719428571428571558e+03
2.228909909909909892e+00,1.352945963541666739e-03,9.972941080729166297e-01,1.352945963541666739e-03,3.719428571428571558e+03
