# time,semantic,grammar,climb,minimum
1.000000000000000021e-03,3.991368611653645648e-01,1.271565755208333263e-06,6.008618672688802453e-01,3.195714285714285779e+03
8.006006006006005996e-03,3.749338785807291852e-01,5.594889322916666441e-05,6.250101725260416297e-01,3.250428571428571558e+03
1.501201201201201110e-02,3.741277058919270648e-01,8.672078450520833695e-04,6.250050862630208703e-01,3.284714285714285779e+03
2.201801801801801795e-02,3.749898274739583148e-01,5.086263020833333051e-06,6.250050862630208703e-01,3.325428571428571558e+03
2.902402402402402479e-02,4.993693033854166852e-01,1.017252604166666712e-04,5.005289713541666297e-01,3.285428571428571558e+03
3.603003003003003163e-02,4.997456868489583148e-01,2.339680989583333424e-04,5.000203450520833703e-01,3.310571428571428442e+03
4.303603603603603500e-02,4.997762044270833148e-01,1.424153645833333424e-04,5.000813802083333703e-01,3.334285714285714221e+03
5.004204204204204531e-02,4.998982747395833148e-01,8.138020833333332882e-05,5.000203450520833703e-01,3.363714285714285779e+03
5.704804804804804869e-02,4.993489583333333148e-01,8.138020833333332882e-05,5.005696614583333703e-01,3.398428571428571558e+03
6.405405405405405206e-02,4.998982747395833148e-01,1.271565755208333263e-06,5.001004536946614953e-01,3.428857142857142662e+03
7.106006006006006237e-02,4.996744791666666852e-01,1.627604166666666576e-04,5.001627604166666297e-01,3.466285714285714221e+03
7.806606606606607268e-02,4.999059041341145648e-01,1.271565755208333263e-06,5.000928243001302453e-01,3.506142857142857338e+03
8.507207207207206912e-02,4.996897379557291852e-01,5.594889322916666441e-05,5.002543131510416297e-01,3.543285714285714221e+03
9.207807807807807943e-02,4.999491373697916852e-01,1.017252604166666610e-05,5.000406901041666297e-01,3.579142857142857338e+03
9.908408408408408974e-02,4.991048177083333148e-01,8.138020833333333695e-04,5.000813802083333703e-01,3.611285714285714221e+03
1.060900900900900862e-01,4.993794759114583148e-01,1.118977864583333288e-04,5.005086263020833703e-01,3.641571428571428442e+03
1.130960960960960965e-01,4.997355143229166852e-01,1.017252604166666610e-05,5.002543131510416297e-01,3.672285714285714221e+03
1.201021021021021068e-01,4.994405110677083148e-01,2.950032552083333153e-04,5.002644856770833703e-01,3.707714285714285779e+03
1.271081081081081032e-01,4.997151692708333148e-01,2.034505208333333220e-05,5.002644856770833703e-01,3.735142857142857338e+03
1.341141141141141135e-01,4.999287923177083148e-01,5.086263020833333051e-06,5.000661214192708703e-01,3.760285714285714221e+03
1.411201201201201239e-01,4.995524088541666852e-01,4.374186197916666847e-04,5.000101725260416297e-01,3.787142857142857338e+03
1.481261261261261342e-01,4.999593098958333148e-01,2.034505208333333220e-05,5.000203450520833703e-01,3.815142857142857338e+03
1.551321321321321445e-01,4.997202555338541852e-01,2.085367838541666576e-04,5.000712076822916297e-01,3.843285714285714221e+03
1.621381381381381270e-01,4.995778401692708148e-01,5.086263020833333051e-06,5.004170735677083703e-01,3.872571428571428442e+03
1.691441441441441373e-01,4.999249776204426898e-01,3.941853841145833559e-05,5.000356038411458703e-01,3.896142857142857338e+03
1.761501501501501477e-01,4.999593098958333148e-01,2.034505208333333220e-05,5.000203450520833703e-01,3.926571428571428442e+03
1.831561561561561580e-01,4.990590413411458148e-01,3.560384114583333559e-05,5.009053548177083703e-01,3.954428571428571558e+03
1.901621621621621683e-01,4.993031819661458148e-01,4.323323567708333559e-05,5.006535847981771203e-01,3.979285714285714221e+03
1.971681681681681786e-01,4.997507731119791852e-01,2.543131510416666525e-06,5.002466837565103797e-01,4.000142857142857338e+03
2.041741741741741611e-01,4.998957316080729352e-01,1.780192057291666780e-05,5.000864664713541297e-01,4.024571428571428442e+03
2.111801801801801715e-01,4.996541341145833148e-01,2.034505208333333220e-05,5.003255208333333703e-01,4.048428571428571558e+03
2.181861861861861818e-01,4.962565104166666852e-01,1.627604166666666576e-04,5.035807291666666297e-01,4.077428571428571558e+03
2.251921921921921921e-01,4.995524088541666852e-01,4.069010416666666441e-05,5.004069010416666297e-01,4.102857142857143117e+03
2.321981981981982024e-01,4.989980061848958148e-01,2.034505208333333220e-05,5.009816487630208703e-01,4.131142857142856883e+03
2.392042042042042127e-01,4.991861979166666852e-01,1.017252604166666610e-05,5.008036295572916297e-01,4.155428571428571558e+03
2.462102102102102230e-01,4.999262491861979352e-01,7.120768229166667118e-05,5.000025431315103797e-01,4.181571428571428442e+03
2.532162162162162056e-01,4.997762044270833148e-01,2.034505208333333220e-05,5.002034505208333703e-01,4.206000000000000000e+03
2.602222222222222436e-01,4.999186197916666852e-01,4.069010416666666441e-05,5.000406901041666297e-01,4.231714285714285325e+03
2.672282282282282262e-01,4.998728434244791852e-01,2.543131510416666525e-06,5.001246134440103797e-01,4.256000000000000000e+03
2.742342342342342087e-01,4.999376932779948102e-01,5.976359049479166441e-05,5.000025431315103797e-01,4.285571428571428442e+03
2.812402402402402468e-01,4.999491373697916852e-01,2.543131510416666525e-06,5.000483194986978797e-01,4.317571428571428442e+03
2.882462462462462294e-01,4.999974568684895648e-01,1.271565755208333263e-06,5.000012715657552453e-01,4.345000000000000000e+03
2.952522522522522674e-01,4.997965494791666852e-01,7.120768229166667118e-05,5.001322428385416297e-01,4.371857142857143117e+03
3.022582582582582500e-01,4.996744791666666852e-01,3.153483072916666847e-04,5.000101725260416297e-01,4.400571428571428442e+03
3.092642642642642881e-01,4.998652140299479352e-01,1.093546549479166712e-04,5.000254313151041297e-01,4.427428571428571558e+03
3.162702702702702706e-01,4.998143513997395648e-01,3.941853841145833559e-05,5.001462300618489953e-01,4.456000000000000000e+03
3.232762762762762532e-01,4.998448689778645648e-01,8.138020833333332882e-05,5.000737508138021203e-01,4.486142857142856883e+03
3.302822822822822912e-01,4.997431437174479352e-01,2.428690592447916576e-04,5.000139872233072547e-01,4.516428571428571558e+03
3.372882882882882738e-01,4.995524088541666852e-01,4.069010416666666441e-05,5.004069010416666297e-01,4.544142857142856883e+03
3.442942942942943119e-01,4.999593098958333148e-01,2.034505208333333220e-05,5.000203450520833703e-01,4.566571428571428442e+03
3.513003003003002944e-01,4.999796549479166852e-01,1.017252604166666610e-05,5.000101725260416297e-01,4.591142857142856883e+03
3.583063063063063325e-01,4.998982747395833148e-01,2.034505208333333220e-05,5.000813802083333703e-01,4.616571428571428442e+03
3.653123123123123150e-01,4.999478658040364398e-01,2.415974934895833220e-05,5.000279744466146203e-01,4.636714285714285325e+03
3.723183183183182976e-01,4.999364217122395648e-01,4.323323567708333559e-05,5.000203450520833703e-01,4.657857142857143117e+03
3.793243243243243357e-01,4.999643961588541852e-01,1.780192057291666780e-05,5.000178019205728797e-01,4.681000000000000000e+03
3.863303303303303182e-01,4.993387858072916852e-01,1.017252604166666610e-05,5.006510416666666297e-01,4.701285714285714675e+03
3.933363363363363563e-01,4.991963704427083148e-01,5.086263020833333051e-06,5.007985432942708703e-01,4.724142857142856883e+03
4.003423423423423388e-01,4.990030924479166852e-01,7.120768229166667118e-05,5.009256998697916297e-01,4.746000000000000000e+03
4.073483483483483214e-01,4.993693033854166852e-01,4.374186197916666847e-04,5.001932779947916297e-01,4.764714285714285325e+03
4.143543543543543595e-01,4.999898274739583148e-01,5.086263020833333051e-06,5.000050862630208703e-01,4.787714285714285325e+03
4.213603603603603420e-01,4.999033610026041852e-01,8.646647135416667118e-05,5.000101725260416297e-01,4.815857142857143117e+03
4.283663663663663801e-01,4.999186197916666852e-01,1.017252604166666610e-05,5.000712076822916297e-01,4.835714285714285325e+03
4.353723723723723626e-01,4.995015462239583148e-01,5.086263020833333051e-06,5.004933675130208703e-01,4.863142857142856883e+03
4.423783783783784007e-01,4.988301595052083148e-01,5.086263020833333559e-05,5.011189778645833703e-01,4.888857142857143117e+03
4.493843843843843833e-01,4.999898274739583148e-01,5.086263020833333051e-06,5.000050862630208703e-01,4.913142857142856883e+03
4.563903903903903658e-01,4.999567667643229352e-01,1.780192057291666780e-05,5.000254313151041297e-01,4.942714285714285325e+03
4.633963963963964039e-01,4.999631245930989398e-01,2.606709798177083220e-05,5.000108083089193078e-01,4.967571428571428442e+03
4.704024024024023864e-01,4.991963704427083148e-01,1.729329427083333424e-04,5.006306966145833703e-01,4.994142857142856883e+03
4.774084084084084245e-01,4.996439615885416852e-01,5.213419596354166441e-05,5.003039042154947547e-01,5.016285714285714675e+03
4.844144144144144071e-01,4.999135335286458148e-01,4.323323567708333559e-05,5.000432332356771203e-01,5.033428571428571558e+03
4.914204204204204451e-01,4.999796549479166852e-01,1.017252604166666610e-05,5.000101725260416297e-01,5.055428571428571558e+03
4.984264264264264277e-01,4.997355143229166852e-01,1.703898111979166576e-04,5.000940958658853797e-01,5.077714285714285325e+03
5.054324324324324103e-01,4.997355143229166852e-01,1.322428385416666576e-04,5.001322428385416297e-01,5.103428571428571558e+03
5.124384384384383928e-01,4.999796549479166852e-01,1.017252604166666610e-05,5.000101725260416297e-01,5.126428571428571558e+03
5.194444444444444864e-01,4.998372395833333148e-01,8.138020833333332882e-05,5.000813802083333703e-01,5.147571428571428442e+03
5.264504504504504689e-01,4.999491373697916852e-01,3.496805826822916441e-05,5.000158945719400672e-01,5.167428571428571558e+03
5.334564564564564515e-01,4.998194376627604352e-01,8.265177408854167118e-05,5.000979105631510047e-01,5.191285714285714675e+03
5.404624624624624341e-01,4.999135335286458148e-01,5.086263020833333051e-06,5.000813802083333703e-01,5.219142857142856883e+03
5.474684684684684166e-01,4.998594919840494977e-01,1.341501871744791576e-04,5.000063578287760047e-01,5.247000000000000000e+03
5.544744744744745102e-01,4.997965494791666852e-01,1.932779947916666576e-04,5.000101725260416297e-01,5.274714285714285325e+03
5.614804804804804927e-01,4.997533162434895648e-01,2.454121907552083153e-04,5.000012715657552453e-01,5.305285714285714675e+03
5.684864864864864753e-01,4.999898274739583148e-01,5.086263020833333051e-06,5.000050862630208703e-01,5.331428571428571558e+03
5.754924924924924579e-01,4.997355143229166852e-01,2.543131510416666847e-04,5.000101725260416297e-01,5.357285714285714675e+03
5.824984984984985514e-01,4.999949137369791852e-01,2.543131510416666525e-06,5.000025431315103797e-01,5.383571428571428442e+03
5.895045045045045340e-01,4.999898274739583148e-01,5.086263020833333051e-06,5.000050862630208703e-01,5.411571428571428442e+03
5.965105105105105165e-01,4.999593098958333148e-01,2.034505208333333220e-05,5.000203450520833703e-01,5.437857142857143117e+03
6.035165165165164991e-01,4.998881022135416852e-01,1.017252604166666610e-05,5.001017252604166297e-01,5.465571428571428442e+03
6.105225225225224817e-01,4.999872843424479352e-01,1.017252604166666610e-05,5.000025431315103797e-01,5.494000000000000000e+03
6.175285285285285752e-01,4.995015462239583148e-01,3.407796223958333153e-04,5.001576741536458703e-01,5.520000000000000000e+03
6.245345345345345578e-01,4.998334248860676898e-01,1.271565755208333263e-06,5.001653035481771203e-01,5.544000000000000000e+03
6.315405405405405403e-01,4.995829264322916852e-01,8.646647135416667118e-05,5.003306070963541297e-01,5.569142857142856883e+03
6.385465465465465229e-01,4.999898274739583148e-01,5.086263020833333051e-06,5.000050862630208703e-01,5.589000000000000000e+03
6.455525525525525055e-01,4.997552235921223773e-01,1.824696858723958424e-04,5.000623067220052453e-01,5.614000000000000000e+03
6.525585585585585990e-01,4.998585383097330914e-01,1.017252604166666610e-05,5.001312891642252234e-01,5.636142857142856883e+03
6.595645645645645816e-01,4.994379679361979352e-01,3.306070963541666441e-05,5.005289713541666297e-01,5.661142857142856883e+03
6.665705705705705642e-01,4.996058146158854352e-01,3.229777018229166847e-04,5.000712076822916297e-01,5.682571428571428442e+03
6.735765765765765467e-01,4.999643961588541852e-01,2.543131510416666780e-05,5.000101725260416297e-01,5.708000000000000000e+03
6.805825825825825293e-01,4.999440511067708148e-01,5.086263020833333559e-05,5.000050862630208703e-01,5.727571428571428442e+03
6.875885885885886228e-01,4.995702107747395648e-01,1.271565755208333263e-06,5.004285176595052453e-01,5.749142857142856883e+03
6.945945945945946054e-01,4.998067220052083148e-01,1.118977864583333288e-04,5.000813802083333703e-01,5.773714285714285325e+03
7.016006006006005880e-01,4.998601277669270648e-01,1.271565755208333263e-06,5.001386006673177453e-01,5.797428571428571558e+03
7.086066066066065705e-01,4.996999104817708148e-01,1.271565755208333424e-04,5.001729329427083703e-01,5.822285714285714675e+03
7.156126126126126641e-01,4.998013178507487164e-01,1.589457194010416578e-07,5.001985232035318640e-01,5.843428571428571558e+03
7.226186186186186466e-01,4.996668497721354352e-01,1.551310221354166576e-04,5.001780192057291297e-01,5.867571428571428442e+03
7.296246246246246292e-01,4.999534289042155133e-01,1.351038614908854110e-05,5.000330607096353797e-01,5.895142857142856883e+03
7.366306306306306118e-01,4.999796549479166852e-01,1.017252604166666610e-05,5.000101725260416297e-01,5.919714285714285325e+03
7.436366366366365943e-01,4.999593098958333148e-01,5.086263020833333051e-06,5.000356038411458703e-01,5.943285714285714675e+03
7.506426426426426879e-01,4.999059041341145648e-01,4.323323567708333559e-05,5.000508626302083703e-01,5.964285714285714675e+03
7.576486486486486704e-01,4.999097188313801898e-01,1.271565755208333263e-06,5.000890096028646203e-01,5.990714285714285325e+03
7.646546546546546530e-01,4.998575846354166852e-01,1.017252604166666610e-05,5.001322428385416297e-01,6.011142857142856883e+03
7.716606606606606356e-01,4.999898274739583148e-01,5.086263020833333051e-06,5.000050862630208703e-01,6.032714285714285325e+03
7.786666666666666181e-01,4.999186197916666852e-01,4.069010416666666441e-05,5.000406901041666297e-01,6.053571428571428442e+03
7.856726726726727117e-01,4.996770222981770648e-01,1.653035481770833424e-04,5.001576741536458703e-01,6.073857142857143117e+03
7.926786786786786942e-01,4.995934168497721539e-01,8.169809977213542118e-05,5.003248850504556922e-01,6.094285714285714675e+03
7.996846846846846768e-01,4.999287923177083148e-01,5.086263020833333559e-05,5.000203450520833703e-01,6.116857142857143117e+03
8.066906906906906594e-01,4.999316533406575336e-01,5.563100179036458559e-05,5.000127156575521203e-01,6.136857142857143117e+03
8.136966966966966419e-01,4.999593098958333148e-01,2.034505208333333220e-05,5.000203450520833703e-01,6.156428571428571558e+03
8.207027027027027355e-01,4.996541341145833148e-01,2.034505208333333220e-05,5.003255208333333703e-01,6.176142857142856883e+03
8.277087087087087180e-01,4.999898274739583148e-01,5.086263020833333051e-06,5.000050862630208703e-01,6.198857142857143117e+03
8.347147147147147006e-01,4.999796549479166852e-01,1.017252604166666610e-05,5.000101725260416297e-01,6.218142857142856883e+03
8.417207207207206832e-01,4.998181660970051898e-01,1.271565755208333263e-06,5.001805623372396203e-01,6.241571428571428442e+03
8.487267267267267767e-01,4.999383290608723773e-01,1.271565755208333263e-06,5.000603993733724328e-01,6.262857142857143117e+03
8.557327327327327593e-01,4.995072682698567523e-01,3.302892049153645653e-04,5.001624425252279016e-01,6.286285714285714675e+03
8.627387387387387419e-01,4.998448689778645648e-01,1.195271809895833288e-04,5.000356038411458703e-01,6.306142857142856883e+03
8.697447447447447244e-01,4.999898274739583148e-01,5.086263020833333051e-06,5.000050862630208703e-01,6.326428571428571558e+03
8.767507507507507070e-01,4.995218912760416852e-01,1.017252604166666610e-05,5.004679361979166297e-01,6.347857142857143117e+03
8.837567567567568005e-01,4.999898274739583148e-01,5.086263020833333051e-06,5.000050862630208703e-01,6.369428571428571558e+03
8.907627627627627831e-01,4.997736612955729352e-01,4.831949869791666441e-05,5.001780192057291297e-01,6.391285714285714675e+03
8.977687687687687657e-01,4.999593098958333148e-01,2.034505208333333220e-05,5.000203450520833703e-01,6.413000000000000000e+03
9.047747747747747482e-01,4.999605814615885602e-01,6.357828776041666949e-06,5.000330607096353797e-01,6.436714285714285325e+03
9.117807807807807308e-01,4.999949137369791852e-01,2.543131510416666525e-06,5.000025431315103797e-01,6.461571428571428442e+03
9.187867867867868243e-01,4.999593098958333148e-01,2.034505208333333220e-05,5.000203450520833703e-01,6.487428571428571558e+03
9.257927927927928069e-01,4.999186197916666852e-01,4.069010416666666441e-05,5.000406901041666297e-01,6.511571428571428442e+03
9.327987987987987895e-01,4.999186197916666852e-01,4.069010416666666441e-05,5.000406901041666297e-01,6.535142857142856883e+03
9.398048048048047720e-01,4.998372395833333148e-01,8.138020833333332882e-05,5.000813802083333703e-01,6.560428571428571558e+03
9.468108108108107546e-01,4.999643961588541852e-01,2.543131510416666780e-05,5.000101725260416297e-01,6.581428571428571558e+03
9.538168168168168481e-01,4.999643961588541852e-01,2.543131510416666780e-05,5.000101725260416297e-01,6.603857142857143117e+03
9.608228228228228307e-01,4.997355143229166852e-01,2.237955729166666576e-04,5.000406901041666297e-01,6.623571428571428442e+03
9.678288288288288133e-01,4.998423258463541852e-01,2.543131510416666780e-05,5.001322428385416297e-01,6.645142857142856883e+03
9.748348348348347958e-01,4.998372395833333148e-01,8.138020833333332882e-05,5.000813802083333703e-01,6.666285714285714675e+03
9.818408408408408894e-01,4.998982747395833148e-01,2.034505208333333220e-05,5.000813802083333703e-01,6.684857142857143117e+03
9.888468468468468719e-01,4.997304280598958148e-01,1.958211263020833424e-04,5.000737508138021203e-01,6.702857142857143117e+03
9.958528528528528545e-01,4.999593098958333148e-01,2.034505208333333220e-05,5.000203450520833703e-01,6.721428571428571558e+03
1.002858858858858726e+00,4.999262491861979352e-01,4.831949869791666441e-05,5.000254313151041297e-01,6.740857142857143117e+03
1.009864864864864709e+00,4.998728434244791852e-01,1.017252604166666712e-04,5.000254313151041297e-01,6.760142857142856883e+03
1.016870870870870691e+00,4.999593098958333148e-01,2.034505208333333220e-05,5.000203450520833703e-01,6.780714285714285325e+03
1.023876876876876674e+00,4.998067220052083148e-01,1.118977864583333288e-04,5.000813802083333703e-01,6.801142857142856883e+03
1.030882882882882878e+00,4.996846516927083148e-01,5.086263020833333051e-06,5.003102620442708703e-01,6.821000000000000000e+03
1.037888888888888861e+00,4.999593098958333148e-01,2.797444661458333220e-05,5.000127156575521203e-01,6.842714285714285325e+03
1.044894894894894843e+00,4.996999104817708148e-01,1.347859700520833424e-04,5.001653035481771203e-01,6.864857142857143117e+03
1.051900900900900826e+00,4.999796549479166852e-01,1.017252604166666610e-05,5.000101725260416297e-01,6.883428571428571558e+03
1.058906906906906809e+00,4.998423258463541852e-01,8.646647135416667118e-05,5.000712076822916297e-01,6.902142857142856883e+03
1.065912912912912791e+00,4.997355143229166852e-01,1.322428385416666576e-04,5.001322428385416297e-01,6.923428571428571558e+03
1.072918918918918774e+00,4.998563130696614398e-01,1.004536946614583288e-04,5.000432332356771203e-01,6.941142857142856883e+03
1.079924924924924756e+00,4.994405110677083148e-01,5.391438802083333695e-04,5.000203450520833703e-01,6.960428571428571558e+03
1.086930930930930739e+00,4.993693033854166852e-01,3.153483072916666847e-04,5.003153483072916297e-01,6.977000000000000000e+03
1.093936936936936721e+00,4.993871053059895648e-01,5.925496419270833695e-04,5.000203450520833703e-01,6.994714285714285325e+03
1.100942942942942926e+00,4.986470540364583148e-01,7.069905598958333695e-04,5.006459554036458703e-01,7.015857142857143117e+03
1.107948948948948908e+00,4.996541341145833148e-01,1.729329427083333424e-04,5.001729329427083703e-01,7.035857142857143117e+03
1.114954954954954891e+00,4.998677571614583148e-01,1.118977864583333288e-04,5.000203450520833703e-01,7.055571428571428442e+03
1.121960960960960874e+00,4.998346964518229352e-01,1.093546549479166712e-04,5.000559488932291297e-01,7.072428571428571558e+03
1.128966966966966856e+00,4.996744791666666852e-01,1.780192057291666576e-04,5.001475016276041297e-01,7.091000000000000000e+03
1.135972972972972839e+00,4.997456868489583148e-01,2.492268880208333153e-04,5.000050862630208703e-01,7.106428571428571558e+03
1.142978978978978821e+00,4.997914632161458148e-01,3.560384114583333559e-05,5.001729329427083703e-01,7.126714285714285325e+03
1.149984984984984804e+00,4.967816670735676898e-01,3.190358479817708478e-03,5.000279744466146203e-01,7.146714285714285325e+03
1.156990990990990786e+00,4.999796549479166852e-01,1.017252604166666610e-05,5.000101725260416297e-01,7.164857142857143117e+03
1.163996996996996991e+00,4.998728434244791852e-01,1.246134440104166576e-04,5.000025431315103797e-01,7.181000000000000000e+03
1.171003003003002974e+00,4.997723897298176898e-01,2.053578694661458424e-04,5.000222524007161828e-01,7.202142857142856883e+03
1.178009009009008956e+00,4.999262491861979352e-01,4.069010416666666441e-05,5.000330607096353797e-01,7.219142857142856883e+03
1.185015015015014939e+00,4.999643961588541852e-01,2.543131510416666780e-05,5.000101725260416297e-01,7.237285714285714675e+03
1.192021021021020921e+00,4.999497731526692523e-01,3.178914388020833475e-06,5.000470479329427453e-01,7.255857142857143117e+03
1.199027027027026904e+00,4.998601277669270648e-01,7.375081380208332882e-05,5.000661214192708703e-01,7.271857142857143117e+03
1.206033033033032886e+00,4.998906453450520648e-01,1.271565755208333390e-05,5.000966389973958703e-01,7.288714285714285325e+03
1.213039039039038869e+00,4.999796549479166852e-01,1.017252604166666610e-05,5.000101725260416297e-01,7.304714285714285325e+03
1.220045045045044851e+00,4.995562235514323102e-01,2.867380777994791847e-04,5.001570383707681922e-01,7.321857142857143117e+03
1.227051051051050834e+00,4.998448689778645648e-01,8.138020833333332882e-05,5.000737508138021203e-01,7.339285714285714675e+03
1.234057057057057039e+00,4.995015462239583148e-01,4.933675130208333695e-04,5.000050862630208703e-01,7.355571428571428442e+03
1.241063063063063021e+00,4.998677571614583148e-01,8.138020833333332882e-05,5.000508626302083703e-01,7.374428571428571558e+03
1.248069069069069004e+00,4.999898274739583148e-01,5.086263020833333051e-06,5.000050862630208703e-01,7.391857142857143117e+03
1.255075075075074986e+00,4.999402364095051898e-01,1.271565755208333263e-06,5.000584920247396203e-01,7.409428571428571558e+03
1.262081081081080969e+00,4.996744791666666852e-01,1.627604166666666576e-04,5.001627604166666297e-01,7.432000000000000000e+03
1.269087087087086951e+00,4.992574055989583148e-01,6.612141927083333695e-04,5.000813802083333703e-01,7.449000000000000000e+03
1.276093093093092934e+00,4.997151692708333148e-01,2.034505208333333220e-05,5.002644856770833703e-01,7.471285714285714675e+03
1.283099099099098916e+00,4.999949137369791852e-01,2.543131510416666525e-06,5.000025431315103797e-01,7.488857142857143117e+03
1.290105105105104899e+00,4.997094472249348773e-01,1.633961995442708424e-04,5.001271565755208703e-01,7.508142857142856883e+03
1.297111111111111104e+00,4.999593098958333148e-01,2.034505208333333220e-05,5.000203450520833703e-01,7.526142857142856883e+03
1.304117117117117086e+00,4.998575846354166852e-01,7.120768229166667118e-05,5.000712076822916297e-01,7.547142857142856883e+03
1.311123123123123069e+00,4.999974568684895648e-01,1.271565755208333263e-06,5.000012715657552453e-01,7.565000000000000000e+03
1.318129129129129051e+00,4.998118082682291852e-01,1.551310221354166576e-04,5.000330607096353797e-01,7.583142857142856883e+03
1.325135135135135034e+00,4.989827473958333148e-01,9.969075520833332611e-04,5.000203450520833703e-01,7.601000000000000000e+03
1.332141141141141016e+00,4.997355143229166852e-01,1.017252604166666712e-04,5.001627604166666297e-01,7.618714285714285325e+03
1.339147147147146999e+00,4.998906453450520648e-01,1.271565755208333263e-06,5.001080830891927453e-01,7.635857142857143117e+03
1.346153153153152982e+00,4.998372395833333148e-01,8.138020833333332882e-05,5.000813802083333703e-01,7.655428571428571558e+03
1.353159159159158964e+00,4.999593098958333148e-01,2.034505208333333220e-05,5.000203450520833703e-01,7.673571428571428442e+03
1.360165165165164947e+00,4.998652140299479352e-01,2.543131510416666525e-06,5.001322428385416297e-01,7.688714285714285325e+03
1.367171171171171151e+00,4.998575846354166852e-01,7.120768229166667118e-05,5.000712076822916297e-01,7.704000000000000000e+03
1.374177177177177134e+00,4.997049967447916852e-01,2.085367838541666576e-04,5.000864664713541297e-01,7.723000000000000000e+03
1.381183183183183116e+00,4.998537699381510602e-01,1.436869303385416576e-04,5.000025431315103797e-01,7.737000000000000000e+03
1.388189189189189099e+00,4.999186197916666852e-01,4.069010416666666441e-05,5.000406901041666297e-01,7.755428571428571558e+03
1.395195195195195081e+00,4.998524983723958148e-01,9.663899739583332882e-05,5.000508626302083703e-01,7.769714285714285325e+03
1.402201201201201064e+00,4.996744791666666852e-01,3.153483072916666847e-04,5.000101725260416297e-01,7.784428571428571558e+03
1.409207207207207047e+00,4.989446004231770648e-01,5.315144856770833695e-04,5.005238850911458703e-01,7.799428571428571558e+03
1.416213213213213029e+00,4.990946451822916852e-01,8.722941080729166305e-04,5.000330607096353797e-01,7.814000000000000000e+03
1.423219219219219012e+00,4.999821980794270648e-01,1.271565755208333390e-05,5.000050862630208703e-01,7.829857142857143117e+03
1.430225225225225216e+00,4.996999104817708148e-01,2.950032552083333153e-04,5.000050862630208703e-01,7.842142857142856883e+03
1.437231231231231199e+00,4.999211629231770648e-01,7.375081380208332882e-05,5.000050862630208703e-01,7.855714285714285325e+03
1.444237237237237181e+00,4.996134440104166852e-01,3.458658854166666847e-04,5.000406901041666297e-01,7.871428571428571558e+03
1.451243243243243164e+00,4.993731180826823102e-01,4.984537760416666305e-04,5.001284281412760047e-01,7.884285714285714675e+03
1.458249249249249146e+00,4.999135335286458148e-01,8.138020833333332882e-05,5.000050862630208703e-01,7.898857142857143117e+03
1.465255255255255129e+00,4.997660319010416852e-01,5.594889322916666441e-05,5.001780192057291297e-01,7.911714285714285325e+03
1.472261261261261112e+00,4.998270670572916852e-01,8.646647135416667118e-05,5.000864664713541297e-01,7.924285714285714675e+03
1.479267267267267094e+00,7.498658498128255578e-01,1.099904378255208288e-04,2.500241597493489398e-01,7.313857142857143117e+03
1.486273273273273077e+00,7.497380574544271203e-01,1.271565755208333390e-05,2.502492268880208148e-01,7.327142857142856883e+03
1.493279279279279059e+00,7.499669392903646203e-01,3.178914388020833559e-05,2.500012715657551898e-01,7.339571428571428442e+03
1.500285285285285264e+00,7.498906453450521203e-01,5.849202473958333559e-05,2.500508626302083148e-01,7.353714285714285325e+03
1.507291291291291246e+00,7.499898274739583703e-01,5.086263020833333051e-06,2.500050862630208148e-01,7.364571428571428442e+03
1.514297297297297229e+00,7.499478658040364953e-01,2.415974934895833220e-05,2.500279744466145648e-01,7.377285714285714675e+03
1.521303303303303212e+00,7.499071756998697547e-01,8.265177408854167118e-05,2.500101725260416852e-01,7.388857142857143117e+03
1.528309309309309194e+00,7.499643961588541297e-01,3.306070963541666441e-05,2.500025431315104352e-01,7.400571428571428442e+03
1.535315315315315177e+00,7.497380574544271203e-01,1.271565755208333263e-06,2.502606709798176898e-01,7.411857142857143117e+03
1.542321321321321159e+00,7.499898274739583703e-01,5.086263020833333051e-06,2.500050862630208148e-01,7.422428571428571558e+03
1.549327327327327142e+00,7.499796549479166297e-01,1.017252604166666610e-05,2.500101725260416852e-01,7.435285714285714675e+03
1.556333333333333124e+00,7.498575846354166297e-01,1.017252604166666712e-04,2.500406901041666852e-01,7.446571428571428442e+03
1.563339339339339329e+00,7.499821980794271203e-01,1.271565755208333390e-05,2.500050862630208148e-01,7.457714285714285325e+03
1.570345345345345311e+00,7.498372395833333703e-01,6.612141927083332882e-05,2.500966389973958148e-01,7.468285714285714675e+03
1.577351351351351294e+00,7.499720255533853797e-01,2.543131510416666780e-05,2.500025431315104352e-01,7.479428571428571558e+03
1.584357357357357277e+00,7.499949137369791297e-01,2.543131510416666525e-06,2.500025431315104352e-01,7.488000000000000000e+03
1.591363363363363259e+00,7.498575846354166297e-01,1.017252604166666610e-05,2.501322428385416852e-01,7.498285714285714675e+03
1.598369369369369242e+00,7.499955495198568078e-01,3.178914388020833157e-07,2.500041325887044086e-01,7.509571428571428442e+03
1.605375375375375224e+00,7.495514551798502234e-01,4.078547159830729347e-04,2.500406901041666852e-01,7.521428571428571558e+03
1.612381381381381207e+00,7.498000462849935266e-01,1.614888509114583424e-04,2.500384648640950336e-01,7.529714285714285325e+03
1.619387387387387189e+00,7.499974568684896203e-01,1.271565755208333263e-06,2.500012715657551898e-01,7.539571428571428442e+03
1.626393393393393172e+00,7.496897379557291297e-01,2.924601236979166847e-04,2.500178019205729352e-01,7.550571428571428442e+03
1.633399399399399377e+00,7.498524983723958703e-01,1.271565755208333424e-04,2.500203450520833148e-01,7.558000000000000000e+03
1.640405405405405359e+00,7.497545878092447547e-01,2.085367838541666576e-04,2.500368754069010602e-01,7.569000000000000000e+03
1.647411411411411342e+00,7.497151692708333703e-01,1.424153645833333424e-04,2.501424153645833148e-01,7.580714285714285325e+03
1.654417417417417324e+00,7.494532267252603797e-01,2.810160319010416847e-04,2.502657572428385602e-01,7.590000000000000000e+03
1.661423423423423307e+00,7.499033610026041297e-01,8.646647135416667118e-05,2.500101725260416852e-01,7.597857142857143117e+03
1.668429429429429289e+00,7.499796549479166297e-01,2.543131510416666525e-06,2.500178019205729352e-01,7.606857142857143117e+03
1.675435435435435272e+00,7.499949137369791297e-01,2.543131510416666525e-06,2.500025431315104352e-01,7.617428571428571558e+03
1.682441441441441254e+00,7.499338785807291297e-01,5.213419596354166441e-05,2.500139872233073102e-01,7.626571428571428442e+03
1.689447447447447237e+00,7.498372395833333703e-01,1.576741536458333424e-04,2.500050862630208148e-01,7.638571428571428442e+03
1.696453453453453442e+00,7.499691645304361609e-01,3.019968668619791780e-05,2.500006357828776227e-01,7.646000000000000000e+03
1.703459459459459424e+00,7.491353352864583703e-01,7.527669270833333695e-04,2.501118977864583148e-01,7.655857142857143117e+03
1.710465465465465407e+00,7.493387858072916297e-01,5.137125651041666305e-04,2.501475016276041852e-01,7.662571428571428442e+03
1.717471471471471389e+00,7.493578592936197547e-01,6.395975748697916305e-04,2.500025431315104352e-01,7.672000000000000000e+03
1.724477477477477372e+00,7.489420572916666297e-01,1.055399576822916739e-03,2.500025431315104352e-01,7.682000000000000000e+03
1.731483483483483354e+00,7.495892842610677453e-01,3.255208333333333153e-04,2.500851949055989398e-01,7.689857142857143117e+03
1.738489489489489337e+00,7.482821146647135047e-01,1.600901285807291739e-03,2.501169840494791852e-01,7.699142857142856883e+03
1.745495495495495319e+00,7.493298848470052453e-01,6.497701009114583695e-04,2.500203450520833148e-01,7.707285714285714675e+03
1.752501501501501302e+00,7.495091756184896203e-01,3.484090169270833153e-04,2.501424153645833148e-01,7.717142857142856883e+03
1.759507507507507285e+00,7.484105428059896203e-01,1.588185628255208261e-03,2.500012715657551898e-01,7.726142857142856883e+03
1.766513513513513489e+00,7.482503255208333703e-01,1.710255940755208261e-03,2.500394185384114398e-01,7.735714285714285325e+03
1.773519519519519472e+00,7.478268941243489953e-01,2.101262410481770978e-03,2.500718434651692523e-01,7.744142857142856883e+03
1.780525525525525454e+00,8.749343554178873328e-01,3.830591837565103941e-05,1.250273386637369699e-01,7.231142857142856883e+03
1.787531531531531437e+00,8.747838338216146203e-01,1.424153645833333424e-04,1.250737508138020926e-01,7.237857142857143117e+03
1.794537537537537419e+00,8.749974568684896203e-01,1.271565755208333263e-06,1.250012715657552176e-01,7.245571428571428442e+03
1.801543543543543402e+00,8.749278386433919641e-01,3.560384114583333559e-05,1.250365575154622488e-01,7.253857142857143117e+03
1.808549549549549385e+00,8.749987284342447547e-01,6.357828776041666314e-07,1.250006357828775949e-01,7.260000000000000000e+03
1.815555555555555367e+00,8.748677571614583703e-01,8.900960286458332882e-05,1.250432332356770926e-01,7.266571428571428442e+03
1.822561561561561350e+00,8.748881022135416297e-01,8.646647135416667118e-05,1.250254313151041574e-01,7.272714285714285325e+03
1.829567567567567554e+00,8.747981389363607141e-01,1.757939656575520924e-04,1.250260670979817801e-01,7.280285714285714675e+03
1.836573573573573537e+00,8.749796549479166297e-01,1.017252604166666610e-05,1.250101725260416574e-01,7.286000000000000000e+03
1.843579579579579519e+00,8.743356068929036828e-01,6.345113118489583695e-04,1.250298817952474051e-01,7.295142857142856883e+03
1.850585585585585502e+00,8.749033610026041297e-01,9.409586588541667118e-05,1.250025431315104074e-01,7.300428571428571558e+03
1.857591591591591484e+00,8.745829264322916297e-01,4.069010416666666847e-04,1.250101725260416574e-01,7.308428571428571558e+03
1.864597597597597467e+00,8.747456868489583703e-01,2.339680989583333424e-04,1.250203450520833426e-01,7.316714285714285325e+03
1.871603603603603450e+00,8.744405110677083703e-01,2.911885579427083153e-04,1.252683003743489676e-01,7.324428571428571558e+03
1.878609609609609432e+00,8.745549519856771203e-01,2.873738606770833153e-04,1.251576741536458426e-01,7.331285714285714675e+03
1.885615615615615415e+00,8.745854695638021203e-01,4.094441731770833153e-04,1.250050862630208426e-01,7.339000000000000000e+03
1.892621621621621397e+00,8.746830622355142859e-01,3.077189127604166847e-04,1.250092188517252512e-01,7.346000000000000000e+03
1.899627627627627602e+00,8.744386037190755578e-01,5.544026692708333695e-04,1.250069936116536551e-01,7.354000000000000000e+03
1.906633633633633584e+00,8.746484120686849328e-01,3.236134847005208153e-04,1.250279744466145926e-01,7.360142857142856883e+03
1.913639639639639567e+00,8.746770222981771203e-01,1.576741536458333424e-04,1.251653035481770926e-01,7.367714285714285325e+03
1.920645645645645549e+00,8.747278849283853797e-01,1.970926920572916576e-04,1.250750223795572824e-01,7.373428571428571558e+03
1.927651651651651532e+00,8.749059041341146203e-01,8.138020833333332882e-05,1.250127156575520926e-01,7.381285714285714675e+03
1.934657657657657515e+00,8.749643961588541297e-01,2.543131510416666780e-05,1.250101725260416574e-01,7.388571428571428442e+03
1.941663663663663497e+00,8.748677571614583703e-01,5.086263020833333051e-06,1.251271565755208426e-01,7.397571428571428442e+03
1.948669669669669480e+00,8.748372395833333703e-01,2.034505208333333220e-05,1.251424153645833426e-01,7.404428571428571558e+03
1.955675675675675462e+00,8.749593098958333703e-01,2.797444661458333220e-05,1.250127156575520926e-01,7.411000000000000000e+03
1.962681681681681667e+00,8.745473225911458703e-01,4.094441731770833153e-04,1.250432332356770926e-01,7.418714285714285325e+03
1.969687687687687649e+00,8.749949137369791297e-01,2.543131510416666525e-06,1.250025431315104074e-01,7.425142857142856883e+03
1.976693693693693632e+00,8.747126261393228797e-01,1.246134440104166576e-04,1.251627604166666574e-01,7.431285714285714675e+03
1.983699699699699615e+00,8.746287027994791297e-01,2.390543619791666576e-04,1.251322428385416574e-01,7.439857142857143117e+03
1.990705705705705597e+00,8.748728434244791297e-01,2.543131510416666525e-06,1.251246134440104074e-01,7.444714285714285325e+03
1.997711711711711580e+00,8.748366038004556922e-01,8.169809977213542118e-05,1.250816980997721262e-01,7.451714285714285325e+03
2.004717717717717562e+00,8.745066324869791297e-01,4.908243815104166305e-04,1.250025431315104074e-01,7.458000000000000000e+03
2.011723723723723545e+00,8.740889231363931922e-01,7.597605387369791305e-04,1.251513163248697824e-01,7.464285714285714675e+03
2.018729729729729527e+00,8.732477823893228797e-01,1.749674479166666739e-03,1.250025431315104074e-01,7.469285714285714675e+03
2.025735735735735510e+00,8.749211629231771203e-01,3.560384114583333559e-05,1.250432332356770926e-01,7.475714285714285325e+03
2.032741741741741492e+00,8.746210734049478797e-01,7.120768229166667118e-05,1.253077189127604074e-01,7.482142857142856883e+03
2.039747747747747475e+00,8.745819727579752234e-01,5.594889322916666441e-05,1.253620783487955637e-01,7.488142857142856883e+03
2.046753753753753458e+00,8.749879201253255578e-01,3.178914388020833157e-07,1.250117619832356863e-01,7.493428571428571558e+03
2.053759759759759440e+00,8.749974568684896203e-01,1.271565755208333263e-06,1.250012715657552176e-01,7.500714285714285325e+03
2.060765765765765867e+00,8.744074503580728797e-01,3.229777018229166847e-04,1.252695719401041574e-01,7.509142857142856883e+03
2.067771771771771849e+00,8.745816548665364953e-01,3.407796223958333153e-04,1.250775655110677176e-01,7.514857142857143117e+03
2.074777777777777832e+00,8.748391469319661828e-01,1.042683919270833288e-04,1.250565846761067801e-01,7.519000000000000000e+03
2.081783783783783814e+00,8.731562296549478797e-01,1.780192057291666739e-03,1.250635782877604074e-01,7.526428571428571558e+03
2.088789789789789797e+00,8.743311564127603797e-01,3.458658854166666847e-04,1.253229777018229074e-01,7.534428571428571558e+03
2.095795795795795780e+00,8.747469584147135047e-01,6.357828776041666949e-06,1.252466837565104074e-01,7.539285714285714675e+03
2.102801801801801762e+00,8.726933797200521203e-01,2.301534016927083478e-03,1.250050862630208426e-01,7.544857142857143117e+03
2.109807807807807745e+00,8.749605814615885047e-01,1.780192057291666780e-05,1.250216166178385324e-01,7.549000000000000000e+03
2.116813813813813727e+00,8.744608561197916297e-01,1.017252604166666610e-05,1.255289713541666574e-01,7.555571428571428442e+03
2.123819819819819710e+00,8.749243418375650672e-01,6.071726481119791441e-05,1.250149408976236887e-01,7.563428571428571558e+03
2.130825825825825692e+00,8.749796549479166297e-01,2.543131510416666525e-06,1.250178019205729074e-01,7.570142857142856883e+03
2.137831831831831675e+00,8.734963734944661828e-01,1.301129659016927011e-03,1.252024968465169363e-01,7.576714285714285325e+03
2.144837837837837657e+00,8.733723958333333703e-01,1.569112141927083261e-03,1.250584920247395926e-01,7.581428571428571558e+03
2.151843843843843640e+00,8.736979166666666297e-01,1.207987467447916739e-03,1.250940958658854074e-01,7.587714285714285325e+03
2.158849849849849623e+00,8.746782938639322547e-01,2.829233805338541847e-04,1.250387827555338449e-01,7.593714285714285325e+03
2.165855855855855605e+00,8.749898274739583703e-01,1.271565755208333263e-06,1.250089009602864676e-01,7.599000000000000000e+03
2.172861861861861588e+00,8.749949137369791297e-01,2.543131510416666525e-06,1.250025431315104074e-01,7.603714285714285325e+03
2.179867867867867570e+00,8.748537699381510047e-01,2.352396647135416780e-05,1.251227060953775949e-01,7.608142857142856883e+03
2.186873873873873553e+00,8.749898274739583703e-01,5.086263020833333051e-06,1.250050862630208426e-01,7.613285714285714675e+03
2.193879879879879979e+00,8.749605814615885047e-01,3.687540690104166441e-05,1.250025431315104074e-01,7.618142857142856883e+03
2.200885885885885962e+00,8.731129964192708703e-01,1.797993977864583261e-03,1.250890096028645926e-01,7.625714285714285325e+03
2.207891891891891945e+00,8.747151692708333703e-01,2.797444661458333220e-05,1.252568562825520926e-01,7.632571428571428442e+03
2.214897897897897927e+00,8.729578653971353797e-01,2.014795939127604022e-03,1.250273386637369699e-01,7.638000000000000000e+03
2.221903903903903910e+00,8.747990926106771203e-01,4.514058430989583559e-05,1.251557668050130301e-01,7.644714285714285325e+03
2.228909909909909892e+00,8.749364217122396203e-01,4.323323567708333559e-05,1.250203450520833426e-01,7.650000000000000000e+03
