# time,semantic,grammar,climb,minimum
1.000000000000000021e-03,2.782694498697916782e-02,7.548014322916666956e-03,9.646250406901041297e-01,2.097000000000000000e+03
8.006006006006005996e-03,2.807108561197916782e-02,8.425394694010416088e-03,9.635035196940103797e-01,2.098875000000000000e+03
1.501201201201201110e-02,2.766927083333333218e-02,1.625569661458333218e-02,9.560750325520833703e-01,2.104000000000000000e+03
2.201801801801801795e-02,2.171579996744791782e-02,2.158610026041666782e-02,9.566980997721353797e-01,2.116375000000000000e+03
2.902402402402402479e-02,1.749674479166666782e-02,1.578776041666666782e-02,9.667154947916666297e-01,2.128500000000000000e+03
3.603003003003003163e-02,1.662190755208333218e-02,1.595052083333333218e-02,9.674275716145833703e-01,2.125375000000000000e+03
4.303603603603603500e-02,1.598230997721354282e-02,1.640955607096354282e-02,9.676081339518228797e-01,2.125875000000000000e+03
5.004204204204204531e-02,9.928385416666666088e-03,2.140299479166666782e-02,9.686686197916666297e-01,2.145750000000000000e+03
5.704804804804804869e-02,1.209513346354166609e-02,2.320353190104166782e-02,9.647013346354166297e-01,2.170500000000000000e+03
6.405405405405405206e-02,7.364908854166666956e-03,2.677408854166666782e-02,9.658610026041666297e-01,2.194000000000000000e+03
7.106006006006006237e-02,1.534016927083333391e-02,3.145345052083333565e-02,9.532063802083333703e-01,2.204625000000000000e+03
7.806606606606607268e-02,3.150431315104166435e-02,3.345743815104166435e-02,9.350382486979166297e-01,2.216125000000000000e+03
8.507207207207206912e-02,3.290303548177083565e-02,3.195699055989583565e-02,9.351399739583333703e-01,2.225250000000000000e+03
9.207807807807807943e-02,3.479703267415364815e-02,3.820355733235677315e-02,9.269994099934896203e-01,2.234375000000000000e+03
9.908408408408408974e-02,3.733317057291666435e-02,3.715006510416666435e-02,9.255167643229166297e-01,2.240125000000000000e+03
1.060900900900900862e-01,2.275594075520833218e-02,4.308064778645833565e-02,9.341634114583333703e-01,2.245625000000000000e+03
1.130960960960960965e-01,3.603108723958333565e-02,3.963216145833333565e-02,9.243367513020833703e-01,2.252625000000000000e+03
1.201021021021021068e-01,2.262369791666666782e-02,4.053751627604166435e-02,9.368387858072916297e-01,2.267125000000000000e+03
1.271081081081081032e-01,2.098592122395833218e-02,4.684193929036458565e-02,9.321721394856771203e-01,2.284750000000000000e+03
1.341141141141141135e-01,2.610270182291666782e-02,4.947916666666666435e-02,9.244181315104166297e-01,2.302250000000000000e+03
1.411201201201201239e-01,1.771799723307291782e-02,5.311838785807291435e-02,9.291636149088541297e-01,2.317875000000000000e+03
1.481261261261261342e-01,1.521809895833333391e-02,5.391438802083333565e-02,9.308675130208333703e-01,2.331125000000000000e+03
1.551321321321321445e-01,2.775065104166666782e-02,1.503092447916666574e-01,8.219401041666666297e-01,2.350625000000000000e+03
1.621381381381381270e-01,2.844874064127604282e-02,1.461130777994791574e-01,8.254381815592447547e-01,2.357000000000000000e+03
1.691441441441441373e-01,2.262369791666666782e-02,1.725260416666666574e-01,8.048502604166666297e-01,2.364125000000000000e+03
1.761501501501501477e-01,2.311197916666666782e-02,1.774088541666666574e-01,7.994791666666666297e-01,2.371250000000000000e+03
1.831561561561561580e-01,4.133097330729166435e-02,1.511942545572916574e-01,8.074747721354166297e-01,2.375250000000000000e+03
1.901621621621621683e-01,4.186503092447916435e-02,1.693827311197916574e-01,7.887522379557291297e-01,2.380125000000000000e+03
1.971681681681681786e-01,4.163614908854166435e-02,1.705729166666666574e-01,7.877909342447916297e-01,2.385000000000000000e+03
2.041741741741741611e-01,7.423909505208332871e-02,8.461507161458332871e-02,8.411458333333333703e-01,2.389375000000000000e+03
2.111801801801801715e-01,7.747395833333332871e-02,8.455403645833332871e-02,8.379720052083333703e-01,2.394250000000000000e+03
2.181861861861861818e-01,7.529195149739582871e-02,9.128316243489582871e-02,8.334248860677083703e-01,2.397250000000000000e+03
2.251921921921921921e-01,6.736246744791667129e-02,1.300455729166666574e-01,8.025919596354166297e-01,2.400500000000000000e+03
2.321981981981982024e-01,7.649739583333332871e-02,1.316731770833333426e-01,7.918294270833333703e-01,2.404250000000000000e+03
2.392042042042042127e-01,5.913798014322916435e-02,1.217905680338541713e-01,8.190714518229166297e-01,2.410750000000000000e+03
2.462102102102102230e-01,8.272298177083332871e-02,1.217244466145833287e-01,7.955525716145833703e-01,2.413875000000000000e+03
2.532162162162162056e-01,5.900065104166666435e-02,9.733072916666667129e-02,8.436686197916666297e-01,2.419875000000000000e+03
2.602222222222222436e-01,9.995524088541667129e-02,9.995524088541667129e-02,8.000895182291666297e-01,2.428125000000000000e+03
2.672282282282282262e-01,6.517537434895832871e-02,9.633382161458332871e-02,8.384908040364583703e-01,2.434625000000000000e+03
2.742342342342342087e-01,5.407206217447916435e-02,7.847086588541667129e-02,8.674570719401041297e-01,2.439125000000000000e+03
2.812402402402402468e-01,5.118815104166666435e-02,8.024088541666667129e-02,8.685709635416666297e-01,2.445875000000000000e+03
2.882462462462462294e-01,5.794270833333333565e-02,8.919270833333332871e-02,8.528645833333333703e-01,2.451250000000000000e+03
2.952522522522522674e-01,4.506429036458333565e-02,9.880574544270832871e-02,8.561299641927083703e-01,2.458000000000000000e+03
3.022582582582582500e-01,5.064900716145833565e-02,8.458455403645832871e-02,8.647664388020833703e-01,2.466875000000000000e+03
3.092642642642642881e-01,3.339640299479166435e-02,1.015116373697916713e-01,8.650919596354166297e-01,2.475500000000000000e+03
3.162702702702702706e-01,3.983561197916666435e-02,1.100870768229166713e-01,8.500773111979166297e-01,2.484125000000000000e+03
3.232762762762762532e-01,3.682454427083333565e-02,1.315511067708333426e-01,8.316243489583333703e-01,2.498250000000000000e+03
3.302822822822822912e-01,5.008951822916666435e-02,1.279703776041666574e-01,8.219401041666666297e-01,2.505000000000000000e+03
3.372882882882882738e-01,4.032389322916666435e-02,1.261393229166666574e-01,8.335367838541666297e-01,2.513250000000000000e+03
3.442942942942943119e-01,4.062906901041666435e-02,1.286112467447916574e-01,8.307596842447916297e-01,2.520750000000000000e+03
3.513003003003002944e-01,3.535970052083333565e-02,1.294759114583333426e-01,8.351643880208333703e-01,2.529875000000000000e+03
3.583063063063063325e-01,3.627522786458333565e-02,1.296590169270833426e-01,8.340657552083333703e-01,2.541500000000000000e+03
3.653123123123123150e-01,5.721028645833333565e-02,1.276448567708333426e-01,8.151448567708333703e-01,2.551750000000000000e+03
3.723183183183182976e-01,4.652913411458333565e-02,1.255391438802083426e-01,8.279317220052083703e-01,2.560125000000000000e+03
3.793243243243243357e-01,9.922281901041667129e-02,1.344706217447916574e-01,7.663065592447916297e-01,2.572500000000000000e+03
3.863303303303303182e-01,1.016438802083333287e-01,1.328328450520833426e-01,7.655232747395833703e-01,2.578500000000000000e+03
3.933363363363363563e-01,8.365885416666667129e-02,1.300455729166666574e-01,7.862955729166666297e-01,2.584875000000000000e+03
4.003423423423423388e-01,7.356770833333332871e-02,1.316731770833333426e-01,7.947591145833333703e-01,2.589875000000000000e+03
4.073483483483483214e-01,7.535807291666667129e-02,1.346842447916666574e-01,7.899576822916666297e-01,2.596500000000000000e+03
4.143543543543543595e-01,6.772867838541667129e-02,1.370646158854166574e-01,7.952067057291666297e-01,2.602750000000000000e+03
4.213603603603603420e-01,8.296712239583332871e-02,1.461385091145833426e-01,7.708943684895833703e-01,2.611250000000000000e+03
4.283663663663663801e-01,7.944742838541667129e-02,1.399943033854166574e-01,7.805582682291666297e-01,2.618000000000000000e+03
4.353723723723723626e-01,8.226521809895832871e-02,1.458638509114583426e-01,7.718709309895833703e-01,2.625375000000000000e+03
4.423783783783784007e-01,8.882649739583332871e-02,1.427815755208333426e-01,7.683919270833333703e-01,2.633750000000000000e+03
4.493843843843843833e-01,1.048533121744791713e-01,1.360727945963541574e-01,7.590738932291666297e-01,2.643375000000000000e+03
4.563903903903903658e-01,6.382242838541667129e-02,1.531778971354166574e-01,7.829996744791666297e-01,2.650250000000000000e+03
4.633963963963964039e-01,6.507364908854167129e-02,1.549631754557291574e-01,7.799631754557291297e-01,2.658375000000000000e+03
4.704024024024023864e-01,9.064737955729167129e-02,1.411844889322916574e-01,7.681681315104166297e-01,2.665875000000000000e+03
4.774084084084084245e-01,8.951822916666667129e-02,1.412760416666666574e-01,7.692057291666666297e-01,2.675625000000000000e+03
4.844144144144144071e-01,8.811442057291667129e-02,1.433512369791666574e-01,7.685343424479166297e-01,2.687125000000000000e+03
4.914204204204204451e-01,8.854166666666667129e-02,1.510416666666666574e-01,7.604166666666666297e-01,2.695375000000000000e+03
4.984264264264264277e-01,7.340494791666667129e-02,1.507975260416666574e-01,7.757975260416666297e-01,2.703625000000000000e+03
5.054324324324324103e-01,8.805338541666667129e-02,1.451822916666666574e-01,7.667643229166666297e-01,2.710750000000000000e+03
5.124384384384383928e-01,8.069864908854167129e-02,1.441446940104166574e-01,7.751566569010416297e-01,2.719875000000000000e+03
5.194444444444444864e-01,9.126790364583332871e-02,1.505330403645833426e-01,7.581990559895833703e-01,2.730750000000000000e+03
5.264504504504504689e-01,9.480794270833332871e-02,1.498616536458333426e-01,7.553304036458333703e-01,2.742500000000000000e+03
5.334564564564564515e-01,1.308390299479166574e-01,1.381022135416666574e-01,7.310587565104166297e-01,2.754500000000000000e+03
5.404624624624624341e-01,1.348978678385416574e-01,1.509806315104166574e-01,7.141215006510416297e-01,2.763000000000000000e+03
5.474684684684684166e-01,1.299947102864583426e-01,1.498463948567708426e-01,7.201588948567708703e-01,2.772875000000000000e+03
5.544744744744745102e-01,1.394856770833333426e-01,1.548665364583333426e-01,7.056477864583333703e-01,2.782125000000000000e+03
5.614804804804804927e-01,1.386922200520833426e-01,1.562093098958333426e-01,7.050984700520833703e-01,2.789625000000000000e+03
5.684864864864864753e-01,1.303278605143229074e-01,1.606012980143229074e-01,7.090708414713541297e-01,2.800125000000000000e+03
5.754924924924924579e-01,1.308186848958333426e-01,1.576741536458333426e-01,7.115071614583333703e-01,2.808750000000000000e+03
5.824984984984985514e-01,1.275126139322916574e-01,1.588846842447916574e-01,7.136027018229166297e-01,2.817500000000000000e+03
5.895045045045045340e-01,1.272176106770833426e-01,1.599324544270833426e-01,7.128499348958333703e-01,2.827500000000000000e+03
5.965105105105105165e-01,1.391805013020833426e-01,1.589253743489583426e-01,7.018941243489583703e-01,2.837875000000000000e+03
6.035165165165164991e-01,1.341145833333333426e-01,1.761678059895833426e-01,6.897176106770833703e-01,2.850250000000000000e+03
6.105225225225224817e-01,1.427332560221354074e-01,1.781183878580729074e-01,6.791483561197916297e-01,2.859750000000000000e+03
6.175285285285285752e-01,1.421712239583333426e-01,1.788533528645833426e-01,6.789754231770833703e-01,2.870375000000000000e+03
6.245345345345345578e-01,1.360371907552083426e-01,1.819661458333333426e-01,6.819966634114583703e-01,2.882375000000000000e+03
6.315405405405405403e-01,1.402791341145833426e-01,1.821492513020833426e-01,6.775716145833333703e-01,2.894625000000000000e+03
6.385465465465465229e-01,1.396993001302083426e-01,1.808980305989583426e-01,6.794026692708333703e-01,2.907750000000000000e+03
6.455525525525525055e-01,1.382039388020833426e-01,1.838277180989583426e-01,6.779683430989583703e-01,2.919750000000000000e+03
6.525585585585585990e-01,1.395670572916666574e-01,1.872965494791666574e-01,6.731363932291666297e-01,2.931875000000000000e+03
6.595645645645645816e-01,1.684366861979166574e-01,1.655680338541666574e-01,6.659952799479166297e-01,2.946500000000000000e+03
6.665705705705705642e-01,1.350504557291666574e-01,1.814066569010416574e-01,6.835428873697916297e-01,2.957125000000000000e+03
6.735765765765765467e-01,1.321818033854166574e-01,1.820475260416666574e-01,6.857706705729166297e-01,2.966250000000000000e+03
6.805825825825825293e-01,1.353352864583333426e-01,1.823323567708333426e-01,6.823323567708333703e-01,2.978500000000000000e+03
6.875885885885886228e-01,9.700520833333332871e-02,2.014973958333333426e-01,7.014973958333333703e-01,2.989125000000000000e+03
6.945945945945946054e-01,1.039632161458333287e-01,2.057088216145833426e-01,6.903279622395833703e-01,3.001000000000000000e+03
7.016006006006005880e-01,1.043294270833333287e-01,2.057698567708333426e-01,6.899007161458333703e-01,3.013375000000000000e+03
7.086066066066065705e-01,1.011454264322916713e-01,2.103068033854166574e-01,6.885477701822916297e-01,3.026500000000000000e+03
7.156126126126126641e-01,9.650675455729167129e-02,2.134501139322916574e-01,6.900431315104166297e-01,3.038500000000000000e+03
7.226186186186186466e-01,8.323160807291667129e-02,2.081705729166666574e-01,7.085978190104166297e-01,3.051625000000000000e+03
7.296246246246246292e-01,9.346516927083332871e-02,2.155049641927083426e-01,6.910298665364583703e-01,3.061125000000000000e+03
7.366306306306306118e-01,9.446207682291667129e-02,2.176310221354166574e-01,6.879069010416666297e-01,3.072125000000000000e+03
7.436366366366365943e-01,9.318033854166667129e-02,2.131754557291666574e-01,6.936442057291666297e-01,3.084875000000000000e+03
7.506426426426426879e-01,1.142985026041666713e-01,2.165934244791666574e-01,6.691080729166666297e-01,3.095125000000000000e+03
7.576486486486486704e-01,1.172688802083333287e-01,2.132771809895833426e-01,6.694539388020833703e-01,3.107125000000000000e+03
7.646546546546546530e-01,1.106669108072916713e-01,2.181650797526041574e-01,6.711680094401041297e-01,3.119750000000000000e+03
7.716606606606606356e-01,1.153462727864583287e-01,2.238362630208333426e-01,6.608174641927083703e-01,3.133750000000000000e+03
7.786666666666666181e-01,1.185506184895833287e-01,2.240193684895833426e-01,6.574300130208333703e-01,3.145625000000000000e+03
7.856726726726727117e-01,1.120096842447916713e-01,2.213236490885416574e-01,6.666666666666666297e-01,3.159750000000000000e+03
7.926786786786786942e-01,1.129709879557291713e-01,2.206217447916666574e-01,6.664072672526041297e-01,3.170625000000000000e+03
7.996846846846846768e-01,1.188151041666666713e-01,2.206217447916666574e-01,6.605631510416666297e-01,3.183375000000000000e+03
8.066906906906906594e-01,1.129506429036458287e-01,2.301076253255208426e-01,6.569417317708333703e-01,3.194250000000000000e+03
8.136966966966966419e-01,1.434084574381510324e-01,2.371775309244791574e-01,6.194140116373697547e-01,3.211250000000000000e+03
8.207027027027027355e-01,1.549784342447916574e-01,2.223154703776041574e-01,6.227060953776041297e-01,3.220750000000000000e+03
8.277087087087087180e-01,1.576334635416666574e-01,2.179361979166666574e-01,6.244303385416666297e-01,3.231500000000000000e+03
8.347147147147147006e-01,1.568552652994791574e-01,2.243067423502604074e-01,6.188379923502603797e-01,3.245125000000000000e+03
8.417207207207206832e-01,1.513010660807291574e-01,2.339426676432291574e-01,6.147562662760416297e-01,3.257500000000000000e+03
8.487267267267267767e-01,1.432240804036458426e-01,2.323964436848958426e-01,6.243794759114583703e-01,3.269000000000000000e+03
8.557327327327327593e-01,1.391398111979166574e-01,2.395121256510416574e-01,6.213480631510416297e-01,3.281625000000000000e+03
8.627387387387387419e-01,1.355082194010416574e-01,2.438151041666666574e-01,6.206766764322916297e-01,3.295000000000000000e+03
8.697447447447447244e-01,1.381022135416666574e-01,2.376200358072916574e-01,6.242777506510416297e-01,3.305500000000000000e+03
8.767507507507507070e-01,1.451822916666666574e-01,2.396647135416666574e-01,6.151529947916666297e-01,3.318625000000000000e+03
8.837567567567568005e-01,1.362101236979166574e-01,2.428385416666666574e-01,6.209513346354166297e-01,3.330250000000000000e+03
8.907627627627627831e-01,1.356709798177083426e-01,2.398122151692708426e-01,6.245168050130208703e-01,3.342000000000000000e+03
8.977687687687687657e-01,1.439615885416666574e-01,2.405192057291666574e-01,6.155192057291666297e-01,3.357500000000000000e+03
9.047747747747747482e-01,1.383565266927083426e-01,2.423604329427083426e-01,6.192830403645833703e-01,3.368125000000000000e+03
9.117807807807807308e-01,1.384073893229166574e-01,2.433878580729166574e-01,6.182047526041666297e-01,3.381125000000000000e+03
9.187867867867868243e-01,1.378580729166666574e-01,2.392985026041666574e-01,6.228434244791666297e-01,3.395750000000000000e+03
9.257927927927928069e-01,1.393534342447916574e-01,2.430826822916666574e-01,6.175638834635416297e-01,3.407750000000000000e+03
9.327987987987987895e-01,1.359049479166666574e-01,2.455240885416666574e-01,6.185709635416666297e-01,3.420250000000000000e+03
9.398048048048047720e-01,1.278483072916666574e-01,2.495524088541666574e-01,6.225992838541666297e-01,3.433500000000000000e+03
9.468108108108107546e-01,1.347249348958333426e-01,2.473958333333333426e-01,6.178792317708333703e-01,3.449250000000000000e+03
9.538168168168168481e-01,1.341044108072916574e-01,2.412821451822916574e-01,6.246134440104166297e-01,3.464000000000000000e+03
9.608228228228228307e-01,1.357828776041666574e-01,2.455240885416666574e-01,6.186930338541666297e-01,3.477500000000000000e+03
9.678288288288288133e-01,1.312764485677083426e-01,2.488454182942708426e-01,6.198781331380208703e-01,3.488500000000000000e+03
9.748348348348347958e-01,1.251424153645833426e-01,2.498982747395833426e-01,6.249593098958333703e-01,3.499000000000000000e+03
9.818408408408408894e-01,1.368306477864583426e-01,2.460835774739583426e-01,6.170857747395833703e-01,3.511500000000000000e+03
9.888468468468468719e-01,1.367085774739583426e-01,2.473500569661458426e-01,6.159413655598958703e-01,3.524625000000000000e+03
9.958528528528528545e-01,1.381022135416666574e-01,2.469889322916666574e-01,6.149088541666666297e-01,3.538000000000000000e+03
1.002858858858858726e+00,1.355489095052083426e-01,2.486470540364583426e-01,6.158040364583333703e-01,3.552125000000000000e+03
1.009864864864864709e+00,1.507161458333333426e-01,2.483723958333333426e-01,6.009114583333333703e-01,3.563625000000000000e+03
1.016870870870870691e+00,1.512044270833333426e-01,2.437337239583333426e-01,6.050618489583333703e-01,3.576500000000000000e+03
1.023876876876876674e+00,1.547037760416666574e-01,2.369791666666666574e-01,6.083170572916666297e-01,3.589125000000000000e+03
1.030882882882882878e+00,1.513086954752604074e-01,2.426783243815104074e-01,6.060129801432291297e-01,3.600625000000000000e+03
1.037888888888888861e+00,1.537831624348958426e-01,2.434285481770833426e-01,6.027882893880208703e-01,3.613250000000000000e+03
1.044894894894894843e+00,1.530520121256510324e-01,2.448565165201822824e-01,6.020914713541666297e-01,3.625375000000000000e+03
1.051900900900900826e+00,1.708170572916666574e-01,2.467447916666666574e-01,5.824381510416666297e-01,3.640250000000000000e+03
1.058906906906906809e+00,1.758219401041666574e-01,2.353159586588541574e-01,5.888621012369791297e-01,3.650375000000000000e+03
1.065912912912912791e+00,1.606953938802083426e-01,2.497151692708333426e-01,5.895894368489583703e-01,3.661375000000000000e+03
1.072918918918918774e+00,1.580403645833333426e-01,2.491658528645833426e-01,5.927937825520833703e-01,3.673625000000000000e+03
1.079924924924924756e+00,1.457621256510416574e-01,2.464090983072916574e-01,6.078287760416666297e-01,3.686500000000000000e+03
1.086930930930930739e+00,1.429341634114583426e-01,2.453969319661458426e-01,6.116689046223958703e-01,3.702250000000000000e+03
1.093936936936936721e+00,1.275227864583333426e-01,2.476399739583333426e-01,6.248372395833333703e-01,3.714125000000000000e+03
1.100942942942942926e+00,1.432902018229166574e-01,2.407023111979166574e-01,6.160074869791666297e-01,3.728125000000000000e+03
1.107948948948948908e+00,1.333109537760416574e-01,2.469889322916666574e-01,6.197001139322916297e-01,3.741250000000000000e+03
1.114954954954954891e+00,1.382497151692708426e-01,2.436879475911458426e-01,6.180623372395833703e-01,3.751875000000000000e+03
1.121960960960960874e+00,1.303507486979166574e-01,2.473856608072916574e-01,6.222635904947916297e-01,3.766500000000000000e+03
1.128966966966966856e+00,1.737620035807291574e-01,2.412363688151041574e-01,5.850016276041666297e-01,3.779625000000000000e+03
1.135972972972972839e+00,1.492818196614583426e-01,2.439626057942708426e-01,6.067555745442708703e-01,3.794000000000000000e+03
1.142978978978978821e+00,1.499430338541666574e-01,2.474161783854166574e-01,6.026407877604166297e-01,3.807375000000000000e+03
1.149984984984984804e+00,1.501566569010416574e-01,2.456156412760416574e-01,6.042277018229166297e-01,3.820750000000000000e+03
1.156990990990990786e+00,1.256510416666666574e-01,2.496744791666666574e-01,6.246744791666666297e-01,3.833125000000000000e+03
1.163996996996996991e+00,1.547953287760416574e-01,2.395579020182291574e-01,6.056467692057291297e-01,3.848500000000000000e+03
1.171003003003002974e+00,1.458994547526041574e-01,2.383066813151041574e-01,6.157938639322916297e-01,3.861500000000000000e+03
1.178009009009008956e+00,1.487019856770833426e-01,2.459309895833333426e-01,6.053670247395833703e-01,3.874625000000000000e+03
1.185015015015014939e+00,1.323445638020833426e-01,2.465413411458333426e-01,6.211140950520833703e-01,3.887250000000000000e+03
1.192021021021020921e+00,1.303354899088541574e-01,2.469126383463541574e-01,6.227518717447916297e-01,3.900375000000000000e+03
1.199027027027026904e+00,1.642252604166666574e-01,2.440287272135416574e-01,5.917460123697916297e-01,3.917875000000000000e+03
1.206033033033032886e+00,1.692708333333333426e-01,2.493489583333333426e-01,5.813802083333333703e-01,3.933250000000000000e+03
1.213039039039038869e+00,1.702473958333333426e-01,2.488606770833333426e-01,5.808919270833333703e-01,3.948000000000000000e+03
1.220045045045044851e+00,1.603291829427083426e-01,2.435811360677083426e-01,5.960896809895833703e-01,3.962000000000000000e+03
1.227051051051050834e+00,1.654383341471354074e-01,2.317072550455729074e-01,6.028544108072916297e-01,3.977375000000000000e+03
1.234057057057057039e+00,1.584981282552083426e-01,2.337239583333333426e-01,6.077779134114583703e-01,3.991375000000000000e+03
1.241063063063063021e+00,1.817423502604166574e-01,2.289225260416666574e-01,5.893351236979166297e-01,4.004750000000000000e+03
1.248069069069069004e+00,1.691080729166666574e-01,2.491861979166666574e-01,5.817057291666666297e-01,4.018000000000000000e+03
1.255075075075074986e+00,1.682942708333333426e-01,2.497151692708333426e-01,5.819905598958333703e-01,4.030750000000000000e+03
1.262081081081080969e+00,1.676279703776041574e-01,2.472483317057291574e-01,5.851236979166666297e-01,4.044625000000000000e+03
1.269087087087086951e+00,1.883138020833333426e-01,2.183430989583333426e-01,5.933430989583333703e-01,4.062250000000000000e+03
1.276093093093092934e+00,1.666361490885416574e-01,2.442728678385416574e-01,5.890909830729166297e-01,4.074000000000000000e+03
1.283099099099098916e+00,1.519266764322916574e-01,2.689615885416666852e-01,5.791117350260416297e-01,4.083750000000000000e+03
1.290105105105104899e+00,1.658121744791666574e-01,2.281290690104166574e-01,6.060587565104166297e-01,4.101375000000000000e+03
1.297111111111111104e+00,1.833140055338541574e-01,2.222315470377604074e-01,5.944544474283853797e-01,4.114875000000000000e+03
1.304117117117117086e+00,1.473032633463541574e-01,2.581431070963541852e-01,5.945536295572916297e-01,4.129000000000000000e+03
1.311123123123123069e+00,1.573893229166666574e-01,2.630411783854166852e-01,5.795694986979166297e-01,4.143500000000000000e+03
1.318129129129129051e+00,1.700846354166666574e-01,2.562662760416666852e-01,5.736490885416666297e-01,4.158750000000000000e+03
1.325135135135135034e+00,1.403910319010416574e-01,2.597757975260416852e-01,5.998331705729166297e-01,4.172125000000000000e+03
1.332141141141141016e+00,1.457417805989583426e-01,2.711385091145833148e-01,5.831197102864583703e-01,4.187875000000000000e+03
1.339147147147146999e+00,1.710713704427083426e-01,2.590840657552083148e-01,5.698445638020833703e-01,4.201625000000000000e+03
1.346153153153152982e+00,1.708170572916666574e-01,2.642008463541666852e-01,5.649820963541666297e-01,4.215875000000000000e+03
1.353159159159158964e+00,1.775767008463541574e-01,2.549997965494791852e-01,5.674235026041666297e-01,4.231375000000000000e+03
1.360165165165164947e+00,1.622823079427083426e-01,2.711079915364583148e-01,5.666097005208333703e-01,4.245625000000000000e+03
1.367171171171171151e+00,1.663157145182291574e-01,2.596232096354166852e-01,5.740610758463541297e-01,4.259125000000000000e+03
1.374177177177177134e+00,1.669514973958333426e-01,2.563680013020833148e-01,5.766805013020833703e-01,4.273500000000000000e+03
1.381183183183183116e+00,1.659138997395833426e-01,2.569173177083333148e-01,5.771687825520833703e-01,4.286125000000000000e+03
1.388189189189189099e+00,1.663614908854166574e-01,2.642008463541666852e-01,5.694376627604166297e-01,4.299500000000000000e+03
1.395195195195195081e+00,1.618245442708333426e-01,2.545064290364583148e-01,5.836690266927083703e-01,4.315125000000000000e+03
1.402201201201201064e+00,1.610056559244791574e-01,2.549769083658854352e-01,5.840174357096353797e-01,4.327125000000000000e+03
1.409207207207207047e+00,1.770833333333333426e-01,2.553304036458333148e-01,5.675862630208333703e-01,4.342875000000000000e+03
1.416213213213213029e+00,1.693522135416666574e-01,2.589518229166666852e-01,5.716959635416666297e-01,4.354750000000000000e+03
1.423219219219219012e+00,1.771138509114583426e-01,2.566426595052083148e-01,5.662434895833333703e-01,4.368250000000000000e+03
1.430225225225225216e+00,1.353251139322916574e-01,2.760874430338541852e-01,5.885874430338541297e-01,4.382000000000000000e+03
1.437231231231231199e+00,1.354777018229166574e-01,2.764994303385416852e-01,5.880228678385416297e-01,4.395875000000000000e+03
1.444237237237237181e+00,1.375325520833333426e-01,2.752278645833333148e-01,5.872395833333333703e-01,4.410375000000000000e+03
1.451243243243243164e+00,1.350504557291666574e-01,2.601725260416666852e-01,6.047770182291666297e-01,4.424375000000000000e+03
1.458249249249249146e+00,1.319681803385416574e-01,2.717692057291666852e-01,5.962626139322916297e-01,4.436375000000000000e+03
1.465255255255255129e+00,1.861368815104166574e-01,2.504069010416666852e-01,5.634562174479166297e-01,4.451000000000000000e+03
1.472261261261261112e+00,1.539179484049479074e-01,2.669397989908854352e-01,5.791422526041666297e-01,4.465125000000000000e+03
1.479267267267267094e+00,1.336771647135416574e-01,2.730204264322916852e-01,5.933024088541666297e-01,4.478875000000000000e+03
1.486273273273273077e+00,1.568705240885416574e-01,2.634073893229166852e-01,5.797220865885416297e-01,4.496000000000000000e+03
1.493279279279279059e+00,1.710001627604166574e-01,2.512003580729166852e-01,5.777994791666666297e-01,4.508250000000000000e+03
1.500285285285285264e+00,1.840871175130208426e-01,2.521870930989583148e-01,5.637257893880208703e-01,4.521250000000000000e+03
1.507291291291291246e+00,1.749471028645833426e-01,2.513783772786458148e-01,5.736745198567708703e-01,4.536375000000000000e+03
1.514297297297297229e+00,1.712239583333333426e-01,2.550862630208333148e-01,5.736897786458333703e-01,4.550625000000000000e+03
1.521303303303303212e+00,1.753336588541666574e-01,2.572428385416666852e-01,5.674235026041666297e-01,4.564875000000000000e+03
1.528309309309309194e+00,1.493733723958333426e-01,3.062337239583333148e-01,5.443929036458333703e-01,4.578500000000000000e+03
1.535315315315315177e+00,1.491495768229166574e-01,3.043619791666666852e-01,5.464884440104166297e-01,4.590750000000000000e+03
1.542321321321321159e+00,1.471354166666666574e-01,3.034769694010416852e-01,5.493876139322916297e-01,4.602875000000000000e+03
1.549327327327327142e+00,1.502939860026041574e-01,3.012644449869791852e-01,5.484415690104166297e-01,4.617500000000000000e+03
1.556333333333333124e+00,1.456705729166666574e-01,3.020426432291666852e-01,5.522867838541666297e-01,4.630750000000000000e+03
1.563339339339339329e+00,1.444295247395833426e-01,3.000996907552083148e-01,5.554707845052083703e-01,4.645000000000000000e+03
1.570345345345345311e+00,1.436411539713541574e-01,3.011881510416666852e-01,5.551706949869791297e-01,4.658875000000000000e+03
1.577351351351351294e+00,1.664759318033854074e-01,3.078791300455729352e-01,5.256449381510416297e-01,4.672500000000000000e+03
1.584357357357357277e+00,1.670633951822916574e-01,3.069712320963541852e-01,5.259653727213541297e-01,4.685375000000000000e+03
1.591363363363363259e+00,1.368204752604166574e-01,3.105265299479166852e-01,5.526529947916666297e-01,4.699875000000000000e+03
1.598369369369369242e+00,1.523844401041666574e-01,3.110148111979166852e-01,5.366007486979166297e-01,4.710625000000000000e+03
1.605375375375375224e+00,1.495793660481770926e-01,3.121617635091145648e-01,5.382588704427083703e-01,4.724250000000000000e+03
1.612381381381381207e+00,1.479899088541666574e-01,3.077799479166666852e-01,5.442301432291666297e-01,4.739125000000000000e+03
1.619387387387387189e+00,1.684939066569010324e-01,3.003489176432291852e-01,5.311571756998697547e-01,4.749625000000000000e+03
1.626393393393393172e+00,1.697184244791666574e-01,3.062845865885416852e-01,5.239969889322916297e-01,4.764875000000000000e+03
1.633399399399399377e+00,1.655680338541666574e-01,3.093058268229166852e-01,5.251261393229166297e-01,4.779375000000000000e+03
1.640405405405405359e+00,1.554667154947916574e-01,3.124491373697916852e-01,5.320841471354166297e-01,4.792000000000000000e+03
1.647411411411411342e+00,1.520284016927083426e-01,3.078816731770833148e-01,5.400899251302083703e-01,4.805750000000000000e+03
1.654417417417417324e+00,1.512858072916666574e-01,3.113199869791666852e-01,5.373942057291666297e-01,4.817250000000000000e+03
1.661423423423423307e+00,1.585286458333333426e-01,2.948811848958333148e-01,5.465901692708333703e-01,4.830750000000000000e+03
1.668429429429429289e+00,1.431783040364583426e-01,3.073323567708333148e-01,5.494893391927083703e-01,4.845625000000000000e+03
1.675435435435435272e+00,1.476542154947916574e-01,3.333841959635416852e-01,5.189615885416666297e-01,4.862000000000000000e+03
1.682441441441441254e+00,1.337076822916666574e-01,3.086344401041666852e-01,5.576578776041666297e-01,4.872375000000000000e+03
1.689447447447447237e+00,1.524289449055989676e-01,3.094952901204426898e-01,5.380757649739583703e-01,4.884125000000000000e+03
1.696453453453453442e+00,1.332295735677083426e-01,3.051350911458333148e-01,5.616353352864583703e-01,4.899375000000000000e+03
1.703459459459459424e+00,1.498616536458333426e-01,3.276570638020833148e-01,5.224812825520833703e-01,4.912375000000000000e+03
1.710465465465465407e+00,1.537577311197916574e-01,3.205057779947916852e-01,5.257364908854166297e-01,4.924125000000000000e+03
1.717471471471471389e+00,1.525777180989583426e-01,3.219045003255208148e-01,5.255177815755208703e-01,4.938000000000000000e+03
1.724477477477477372e+00,1.457112630208333426e-01,3.255818684895833148e-01,5.287068684895833703e-01,4.952500000000000000e+03
1.731483483483483354e+00,1.512654622395833426e-01,3.230489095052083148e-01,5.256856282552083703e-01,4.964125000000000000e+03
1.738489489489489337e+00,1.337687174479166574e-01,3.569742838541666852e-01,5.092569986979166297e-01,4.977500000000000000e+03
1.745495495495495319e+00,1.582895914713541574e-01,3.388163248697916852e-01,5.028940836588541297e-01,4.990000000000000000e+03
1.752501501501501302e+00,1.662089029947916574e-01,3.309427897135416852e-01,5.028483072916666297e-01,5.003625000000000000e+03
1.759507507507507285e+00,1.594746907552083426e-01,3.353780110677083148e-01,5.051472981770833703e-01,5.015250000000000000e+03
1.766513513513513489e+00,1.459147135416666574e-01,3.417154947916666852e-01,5.123697916666666297e-01,5.026625000000000000e+03
1.773519519519519472e+00,1.614786783854166574e-01,3.313624064127604352e-01,5.071589152018228797e-01,5.038750000000000000e+03
1.780525525525525454e+00,1.581751505533854074e-01,3.350931803385416852e-01,5.067316691080728797e-01,5.051125000000000000e+03
1.787531531531531437e+00,1.466471354166666574e-01,3.465983072916666852e-01,5.067545572916666297e-01,5.063500000000000000e+03
1.794537537537537419e+00,1.411539713541666574e-01,3.483683268229166852e-01,5.104777018229166297e-01,5.075000000000000000e+03
1.801543543543543402e+00,1.454264322916666574e-01,3.489481608072916852e-01,5.056254069010416297e-01,5.085500000000000000e+03
1.808549549549549385e+00,1.471913655598958426e-01,3.460896809895833148e-01,5.067189534505208703e-01,5.095500000000000000e+03
1.815555555555555367e+00,1.453374226888020926e-01,3.481419881184895648e-01,5.065205891927083703e-01,5.107000000000000000e+03
1.822561561561561350e+00,1.422526041666666574e-01,3.469645182291666852e-01,5.107828776041666297e-01,5.119375000000000000e+03
1.829567567567567554e+00,1.381937662760416574e-01,3.529764811197916852e-01,5.088297526041666297e-01,5.129750000000000000e+03
1.836573573573573537e+00,1.339518229166666574e-01,3.547770182291666852e-01,5.112711588541666297e-01,5.143125000000000000e+03
1.843579579579579519e+00,1.262919108072916574e-01,3.638865152994791852e-01,5.098215738932291297e-01,5.152000000000000000e+03
1.850585585585585502e+00,1.271998087565104074e-01,3.640124003092448102e-01,5.087877909342447547e-01,5.164375000000000000e+03
1.857591591591591484e+00,1.296793619791666574e-01,3.650919596354166852e-01,5.052286783854166297e-01,5.178125000000000000e+03
1.864597597597597467e+00,1.303507486979166574e-01,3.488566080729166852e-01,5.207926432291666297e-01,5.189625000000000000e+03
1.871603603603603450e+00,1.324869791666666574e-01,3.492838541666666852e-01,5.182291666666666297e-01,5.200875000000000000e+03
1.878609609609609432e+00,1.301778157552083426e-01,3.625691731770833148e-01,5.072530110677083703e-01,5.212500000000000000e+03
1.885615615615615415e+00,1.499837239583333426e-01,3.474934895833333148e-01,5.025227864583333703e-01,5.224375000000000000e+03
1.892621621621621397e+00,1.333821614583333426e-01,3.524373372395833148e-01,5.141805013020833703e-01,5.235625000000000000e+03
1.899627627627627602e+00,1.504720052083333426e-01,3.466695149739583148e-01,5.028584798177083703e-01,5.246000000000000000e+03
1.906633633633633584e+00,1.466471354166666574e-01,3.509241739908854352e-01,5.024286905924478797e-01,5.256500000000000000e+03
1.913639639639639567e+00,1.400349934895833426e-01,3.571828206380208148e-01,5.027821858723958703e-01,5.268500000000000000e+03
1.920645645645645549e+00,1.422932942708333426e-01,3.567250569661458148e-01,5.009816487630208703e-01,5.279750000000000000e+03
1.927651651651651532e+00,1.370786031087239676e-01,3.572400410970051898e-01,5.056813557942708703e-01,5.288750000000000000e+03
1.934657657657657515e+00,1.378580729166666574e-01,3.550211588541666852e-01,5.071207682291666297e-01,5.299500000000000000e+03
1.941663663663663497e+00,1.386820475260416574e-01,3.580118815104166852e-01,5.033060709635416297e-01,5.310875000000000000e+03
1.948669669669669480e+00,1.312154134114583426e-01,3.606770833333333148e-01,5.081075032552083703e-01,5.323625000000000000e+03
1.955675675675675462e+00,1.393381754557291574e-01,3.600565592447916852e-01,5.006052652994791297e-01,5.334500000000000000e+03
1.962681681681681667e+00,1.394144694010416574e-01,3.604532877604166852e-01,5.001322428385416297e-01,5.346125000000000000e+03
1.969687687687687649e+00,1.428426106770833426e-01,3.563741048177083148e-01,5.007832845052083703e-01,5.357125000000000000e+03
1.976693693693693632e+00,1.538798014322916574e-01,3.454081217447916852e-01,5.007120768229166297e-01,5.369750000000000000e+03
1.983699699699699615e+00,1.439310709635416574e-01,3.538309733072916852e-01,5.022379557291666297e-01,5.382500000000000000e+03
1.990705705705705597e+00,1.517206827799479074e-01,3.479715983072916852e-01,5.003077189127603797e-01,5.392875000000000000e+03
1.997711711711711580e+00,1.496938069661458426e-01,3.501332600911458148e-01,5.001729329427083703e-01,5.405625000000000000e+03
2.004717717717717562e+00,1.496988932291666574e-01,3.500773111979166852e-01,5.002237955729166297e-01,5.418000000000000000e+03
2.011723723723723545e+00,1.440633138020833426e-01,3.522847493489583148e-01,5.036519368489583703e-01,5.429250000000000000e+03
2.018729729729729527e+00,1.451009114583333426e-01,3.529866536458333148e-01,5.019124348958333703e-01,5.440375000000000000e+03
2.025735735735735510e+00,1.366933186848958426e-01,3.633015950520833148e-01,5.000050862630208703e-01,5.450375000000000000e+03
2.032741741741741492e+00,1.362431844075520926e-01,3.631871541341145648e-01,5.005696614583333703e-01,5.460500000000000000e+03
2.039747747747747475e+00,1.360270182291666574e-01,3.633219401041666852e-01,5.006510416666666297e-01,5.471125000000000000e+03
2.046753753753753458e+00,1.743265787760416574e-01,3.205515543619791852e-01,5.051218668619791297e-01,5.485750000000000000e+03
2.053759759759759440e+00,1.782633463541666574e-01,3.190104166666666852e-01,5.027262369791666297e-01,5.495500000000000000e+03
2.060765765765765867e+00,1.756642659505208426e-01,3.213704427083333148e-01,5.029652913411458703e-01,5.506125000000000000e+03
2.067771771771771849e+00,1.765543619791666574e-01,3.226420084635416852e-01,5.008036295572916297e-01,5.515250000000000000e+03
2.074777777777777832e+00,1.253636678059895926e-01,3.744176228841145648e-01,5.002187093098958703e-01,5.525375000000000000e+03
2.081783783783783814e+00,1.475931803385416574e-01,3.516642252604166852e-01,5.007425944010416297e-01,5.536750000000000000e+03
2.088789789789789797e+00,1.673990885416666574e-01,3.325907389322916852e-01,5.000101725260416297e-01,5.544625000000000000e+03
2.095795795795795780e+00,1.292215983072916574e-01,3.684488932291666852e-01,5.023295084635416297e-01,5.558750000000000000e+03
2.102801801801801762e+00,1.324971516927083426e-01,3.674825032552083148e-01,5.000203450520833703e-01,5.569750000000000000e+03
2.109807807807807745e+00,1.378580729166666574e-01,3.605143229166666852e-01,5.016276041666666297e-01,5.580000000000000000e+03
2.116813813813813727e+00,1.663411458333333426e-01,3.235677083333333148e-01,5.100911458333333703e-01,5.591625000000000000e+03
2.123819819819819710e+00,1.397298177083333426e-01,3.596700032552083148e-01,5.006001790364583703e-01,5.600000000000000000e+03
2.130825825825825692e+00,1.393534342447916574e-01,3.565317789713541852e-01,5.041147867838541297e-01,5.610000000000000000e+03
2.137831831831831675e+00,1.327006022135416574e-01,3.671976725260416852e-01,5.001017252604166297e-01,5.620125000000000000e+03
2.144837837837837657e+00,1.384073893229166574e-01,3.566691080729166852e-01,5.049235026041666297e-01,5.633625000000000000e+03
2.151843843843843640e+00,1.584981282552083426e-01,3.404134114583333148e-01,5.010884602864583703e-01,5.641875000000000000e+03
2.158849849849849623e+00,3.019205729166666852e-01,3.197428385416666852e-01,3.783365885416666852e-01,5.627750000000000000e+03
2.165855855855855605e+00,3.029683430989583148e-01,3.199971516927083148e-01,3.770345052083333148e-01,5.636625000000000000e+03
2.172861861861861588e+00,3.017985026041666852e-01,3.177286783854166852e-01,3.804728190104166852e-01,5.648125000000000000e+03
2.179867867867867570e+00,2.624104817708333148e-01,3.385213216145833148e-01,3.990681966145833148e-01,5.658500000000000000e+03
2.186873873873873553e+00,2.613474527994791852e-01,3.371225992838541852e-01,4.015299479166666852e-01,5.668000000000000000e+03
2.193879879879879979e+00,2.703526814778645648e-01,3.338139851888020648e-01,3.958333333333333148e-01,5.679875000000000000e+03
2.200885885885885962e+00,3.072916666666666852e-01,3.153483072916666852e-01,3.773600260416666852e-01,5.688750000000000000e+03
2.207891891891891945e+00,2.940724690755208148e-01,3.270848592122395648e-01,3.788426717122395648e-01,5.698375000000000000e+03
2.214897897897897927e+00,2.902323404947916852e-01,3.236796061197916852e-01,3.860880533854166852e-01,5.707250000000000000e+03
2.221903903903903910e+00,2.922083536783854352e-01,3.226420084635416852e-01,3.851496378580729352e-01,5.716875000000000000e+03
2.228909909909909892e+00,2.919718424479166852e-01,3.227640787760416852e-01,3.852640787760416852e-01,5.728250000000000000e+03
