# time,semantic,grammar,climb,minimum
1.000000000000000021e-03,3.971354166666666435e-02,3.203837076822916852e-01,6.399027506510416297e-01,3.597000000000000000e+03
8.006006006006005996e-03,3.305562337239583565e-02,3.136113484700520648e-01,6.533330281575521203e-01,3.765285714285714221e+03
1.501201201201201110e-02,4.377237955729166435e-02,2.934672037760416852e-01,6.627604166666666297e-01,3.860285714285714221e+03
2.201801801801801795e-02,4.559834798177083565e-02,2.917836507161458148e-01,6.626180013020833703e-01,3.932000000000000000e+03
2.902402402402402479e-02,6.177266438802083565e-02,2.943013509114583148e-01,6.439259847005208703e-01,3.997428571428571558e+03
3.603003003003003163e-02,6.115468343098958565e-02,2.897351582845051898e-01,6.491101582845052453e-01,4.059571428571428442e+03
4.303603603603603500e-02,5.626424153645833565e-02,2.826436360677083148e-01,6.610921223958333703e-01,4.112285714285714675e+03
5.004204204204204531e-02,4.399617513020833565e-02,2.903340657552083148e-01,6.656697591145833703e-01,4.162857142857143117e+03
5.704804804804804869e-02,5.195109049479166435e-02,2.828776041666666852e-01,6.651713053385416297e-01,4.211571428571428442e+03
6.405405405405405206e-02,8.113606770833332871e-02,2.504170735677083148e-01,6.684468587239583703e-01,4.256571428571428442e+03
7.106006006006006237e-02,8.937581380208332871e-02,2.673238118489583148e-01,6.433003743489583703e-01,4.297000000000000000e+03
7.806606606606607268e-02,8.384195963541667129e-02,2.730814615885416852e-01,6.430765787760416297e-01,4.336142857142856883e+03
8.507207207207206912e-02,8.485921223958332871e-02,2.778828938802083148e-01,6.372578938802083703e-01,4.374142857142856883e+03
9.207807807807807943e-02,4.868570963541666435e-02,2.882181803385416852e-01,6.630961100260416297e-01,4.412000000000000000e+03
9.908408408408408974e-02,6.495793660481770371e-02,3.073628743489583148e-01,6.276791890462239953e-01,4.445857142857143117e+03
1.060900900900900862e-01,8.412679036458332871e-02,2.877095540364583148e-01,6.281636555989583703e-01,4.481714285714285325e+03
1.130960960960960965e-01,7.948811848958332871e-02,2.512715657552083148e-01,6.692403157552083703e-01,4.515142857142856883e+03
1.201021021021021068e-01,8.739217122395832871e-02,2.687428792317708148e-01,6.438649495442708703e-01,4.546142857142856883e+03
1.271081081081081032e-01,8.394877115885417129e-02,2.708994547526041852e-01,6.451517740885416297e-01,4.574857142857143117e+03
1.341141141141141135e-01,7.963053385416667129e-02,2.687784830729166852e-01,6.515909830729166297e-01,4.608571428571428442e+03
1.411201201201201239e-01,8.479817708333332871e-02,2.602132161458333148e-01,6.549886067708333703e-01,4.640285714285714675e+03
1.481261261261261342e-01,8.310953776041667129e-02,2.553202311197916852e-01,6.615702311197916297e-01,4.671285714285714675e+03
1.551321321321321445e-01,7.421366373697917129e-02,2.616221110026041852e-01,6.641642252604166297e-01,4.699000000000000000e+03
1.621381381381381270e-01,7.031758626302082871e-02,2.608388264973958148e-01,6.688435872395833703e-01,4.728571428571428442e+03
1.691441441441441373e-01,6.960042317708332871e-02,2.644551595052083148e-01,6.659444173177083703e-01,4.759571428571428442e+03
1.761501501501501477e-01,8.069864908854167129e-02,2.682596842447916852e-01,6.510416666666666297e-01,4.789714285714285325e+03
1.831561561561561580e-01,7.474772135416667129e-02,2.691294352213541852e-01,6.561228434244791297e-01,4.815571428571428442e+03
1.901621621621621683e-01,9.072621663411457871e-02,2.782414754231770648e-01,6.310323079427083703e-01,4.842714285714285325e+03
1.971681681681681786e-01,7.942708333333332871e-02,2.845052083333333148e-01,6.360677083333333703e-01,4.871142857142856883e+03
2.041741741741741611e-01,7.121785481770832871e-02,2.850087483723958148e-01,6.437733968098958703e-01,4.903285714285714675e+03
2.111801801801801715e-01,8.548990885416667129e-02,2.786356608072916852e-01,6.358744303385416297e-01,4.932285714285714675e+03
2.181861861861861818e-01,8.982340494791667129e-02,2.813517252604166852e-01,6.288248697916666297e-01,4.960285714285714675e+03
2.251921921921921921e-01,8.103434244791667129e-02,2.916666666666666852e-01,6.272989908854166297e-01,4.990142857142856883e+03
2.321981981981982024e-01,8.463541666666667129e-02,2.854105631510416852e-01,6.299540201822916297e-01,5.016714285714285325e+03
2.392042042042042127e-01,8.509318033854167129e-02,2.862497965494791852e-01,6.286570231119791297e-01,5.045857142857143117e+03
2.462102102102102230e-01,8.321126302083332871e-02,3.019612630208333148e-01,6.148274739583333703e-01,5.071857142857143117e+03
2.532162162162162056e-01,7.487996419270832871e-02,3.019154866536458148e-01,6.232045491536458703e-01,5.097428571428571558e+03
2.602222222222222436e-01,8.917744954427082871e-02,3.073018391927083148e-01,6.035207112630208703e-01,5.124857142857143117e+03
2.672282282282282262e-01,6.973012288411457871e-02,3.059590657552083148e-01,6.243108113606771203e-01,5.153142857142856883e+03
2.742342342342342087e-01,1.032307942708333287e-01,3.087972005208333148e-01,5.879720052083333703e-01,5.178000000000000000e+03
2.812402402402402468e-01,1.038716634114583287e-01,3.079121907552083148e-01,5.882161458333333703e-01,5.204428571428571558e+03
2.882462462462462294e-01,8.714803059895832871e-02,3.176778157552083148e-01,5.951741536458333703e-01,5.231142857142856883e+03
2.952522522522522674e-01,8.771769205729167129e-02,3.081461588541666852e-01,6.041361490885416297e-01,5.255571428571428442e+03
3.022582582582582500e-01,8.542887369791667129e-02,3.011271158854166852e-01,6.134440104166666297e-01,5.280571428571428442e+03
3.092642642642642881e-01,8.332316080729167129e-02,3.021494547526041852e-01,6.145273844401041297e-01,5.308000000000000000e+03
3.162702702702702706e-01,8.725484212239582871e-02,3.186238606770833148e-01,5.941212972005208703e-01,5.330285714285714675e+03
3.232762762762762532e-01,1.080220540364583287e-01,2.936604817708333148e-01,5.983174641927083703e-01,5.357857142857143117e+03
3.302822822822822912e-01,1.062520345052083287e-01,2.941029866536458148e-01,5.996449788411458703e-01,5.378571428571428442e+03
3.372882882882882738e-01,1.062266031901041713e-01,3.100382486979166852e-01,5.837351481119791297e-01,5.398000000000000000e+03
3.442942942942943119e-01,9.157307942708332871e-02,3.126729329427083148e-01,5.957539876302083703e-01,5.426000000000000000e+03
3.513003003003002944e-01,1.067148844401041713e-01,3.213907877604166852e-01,5.718943277994791297e-01,5.451571428571428442e+03
3.583063063063063325e-01,8.793131510416667129e-02,3.232828776041666852e-01,5.887858072916666297e-01,5.477571428571428442e+03
3.653123123123123150e-01,9.496053059895832871e-02,3.376363118489583148e-01,5.674031575520833703e-01,5.501428571428571558e+03
3.723183183183182976e-01,8.877054850260417129e-02,3.228022257486979352e-01,5.884272257486978797e-01,5.522000000000000000e+03
3.793243243243243357e-01,1.041463216145833287e-01,3.205769856770833148e-01,5.752766927083333703e-01,5.543000000000000000e+03
3.863303303303303182e-01,1.065775553385416713e-01,3.212381998697916852e-01,5.721842447916666297e-01,5.563714285714285325e+03
3.933363363363363563e-01,1.054941813151041713e-01,3.237253824869791852e-01,5.707804361979166297e-01,5.586142857142856883e+03
4.003423423423423388e-01,1.054585774739583287e-01,3.236134847005208148e-01,5.709279378255208703e-01,5.606000000000000000e+03
4.073483483483483214e-01,7.280476888020832871e-02,3.391011555989583148e-01,5.880940755208333703e-01,5.631714285714285325e+03
4.143543543543543595e-01,9.836832682291667129e-02,3.170267740885416852e-01,5.846048990885416297e-01,5.653857142857143117e+03
4.213603603603603420e-01,1.060078938802083287e-01,3.188374837239583148e-01,5.751546223958333703e-01,5.676285714285714675e+03
4.283663663663663801e-01,9.391276041666667129e-02,3.358561197916666852e-01,5.702311197916666297e-01,5.699142857142856883e+03
4.353723723723723626e-01,1.138737996419270787e-01,3.327153523763020648e-01,5.534108479817708703e-01,5.723428571428571558e+03
4.423783783783784007e-01,1.066385904947916713e-01,3.372904459635416852e-01,5.560709635416666297e-01,5.744000000000000000e+03
4.493843843843843833e-01,1.085217793782552037e-01,3.373311360677083148e-01,5.541470845540364953e-01,5.764571428571428442e+03
4.563903903903903658e-01,1.104482014973958287e-01,3.420461018880208148e-01,5.475056966145833703e-01,5.785428571428571558e+03
4.633963963963964039e-01,1.068013509114583287e-01,3.333333333333333148e-01,5.598653157552083703e-01,5.810000000000000000e+03
4.704024024024023864e-01,1.009114583333333287e-01,3.499348958333333148e-01,5.491536458333333703e-01,5.831285714285714675e+03
4.774084084084084245e-01,1.259180704752604074e-01,3.315607706705729352e-01,5.425211588541666297e-01,5.857285714285714675e+03
4.844144144144144071e-01,9.941991170247395371e-02,3.528188069661458148e-01,5.477612813313802453e-01,5.876571428571428442e+03
4.914204204204204451e-01,1.319986979166666574e-01,3.323771158854166852e-01,5.356241861979166297e-01,5.901714285714285325e+03
4.984264264264264277e-01,1.432851155598958426e-01,3.385213216145833148e-01,5.181935628255208703e-01,5.924142857142856883e+03
5.054324324324324103e-01,1.474202473958333426e-01,3.327229817708333148e-01,5.198567708333333703e-01,5.947000000000000000e+03
5.124384384384383928e-01,1.201375325520833287e-01,3.077596028645833148e-01,5.721028645833333703e-01,5.959285714285714675e+03
5.194444444444444864e-01,9.541829427083332871e-02,3.228352864583333148e-01,5.817464192708333703e-01,5.982000000000000000e+03
5.264504504504504689e-01,1.045697530110677037e-01,3.160622914632161273e-01,5.793679555257161828e-01,6.002714285714285325e+03
5.334564564564564515e-01,1.151682535807291713e-01,3.141428629557291852e-01,5.706888834635416297e-01,6.022714285714285325e+03
5.404624624624624341e-01,1.071828206380208287e-01,3.176167805989583148e-01,5.752003987630208703e-01,6.045428571428571558e+03
5.474684684684684166e-01,1.080729166666666713e-01,3.161417643229166852e-01,5.757853190104166297e-01,6.066142857142856883e+03
5.544744744744745102e-01,1.042531331380208287e-01,3.736928304036458148e-01,5.220540364583333703e-01,6.085285714285714675e+03
5.614804804804804927e-01,1.063741048177083287e-01,3.691914876302083148e-01,5.244344075520833703e-01,6.107000000000000000e+03
5.684864864864864753e-01,1.107076009114583287e-01,3.716328938802083148e-01,5.176595052083333703e-01,6.130714285714285325e+03
5.754924924924924579e-01,1.265080769856770926e-01,3.671162923177083148e-01,5.063756306966146203e-01,6.150285714285714675e+03
5.824984984984985514e-01,1.226298014322916713e-01,3.642985026041666852e-01,5.130716959635416297e-01,6.170428571428571558e+03
5.895045045045045340e-01,1.199239095052083287e-01,3.619283040364583148e-01,5.181477864583333703e-01,6.189142857142856883e+03
5.965105105105105165e-01,1.113688151041666713e-01,3.693644205729166852e-01,5.192667643229166297e-01,6.209000000000000000e+03
6.035165165165164991e-01,1.121419270833333287e-01,3.647664388020833148e-01,5.230916341145833703e-01,6.228285714285714675e+03
6.105225225225224817e-01,1.128972371419270787e-01,3.624547322591145648e-01,5.246480305989583703e-01,6.248714285714285325e+03
6.175285285285285752e-01,1.118367513020833287e-01,3.648885091145833148e-01,5.232747395833333703e-01,6.269000000000000000e+03
6.245345345345345578e-01,1.128743489583333287e-01,3.655598958333333148e-01,5.215657552083333703e-01,6.288285714285714675e+03
6.315405405405405403e-01,1.279958089192708426e-01,3.717931111653645648e-01,5.002110799153646203e-01,6.305142857142856883e+03
6.385465465465465229e-01,1.253458658854166574e-01,3.739725748697916852e-01,5.006815592447916297e-01,6.323285714285714675e+03
6.455525525525525055e-01,1.147740681966145787e-01,3.802388509114583148e-01,5.049870808919271203e-01,6.343857142857143117e+03
6.525585585585585990e-01,1.187795003255208287e-01,3.805287679036458148e-01,5.006917317708333703e-01,6.363571428571428442e+03
6.595645645645645816e-01,1.184285481770833287e-01,3.807881673177083148e-01,5.007832845052083703e-01,6.382571428571428442e+03
6.665705705705705642e-01,1.042277018229166713e-01,3.819376627604166852e-01,5.138346354166666297e-01,6.402428571428571558e+03
6.735765765765765467e-01,1.153004964192708287e-01,3.835423787434895648e-01,5.011571248372396203e-01,6.424428571428571558e+03
6.805825825825825293e-01,1.149037679036458287e-01,3.844350179036458148e-01,5.006612141927083703e-01,6.446428571428571558e+03
6.875885885885886228e-01,8.062235514322917129e-02,3.971811930338541852e-01,5.221964518229166297e-01,6.468857142857143117e+03
6.945945945945946054e-01,1.038767496744791713e-01,3.929087320963541852e-01,5.032145182291666297e-01,6.487571428571428442e+03
7.016006006006005880e-01,8.739725748697917129e-02,3.980585734049479352e-01,5.145441691080728797e-01,6.508571428571428442e+03
7.086066066066065705e-01,1.024983723958333287e-01,3.805745442708333148e-01,5.169270833333333703e-01,6.529857142857143117e+03
7.156126126126126641e-01,1.136614481608072963e-01,3.811861673990885602e-01,5.051523844401041297e-01,6.551000000000000000e+03
7.226186186186186466e-01,1.155192057291666713e-01,3.796793619791666852e-01,5.048014322916666297e-01,6.568857142857143117e+03
7.296246246246246292e-01,1.088053385416666713e-01,3.869120279947916852e-01,5.042826334635416297e-01,6.592000000000000000e+03
7.366306306306306118e-01,1.200663248697916713e-01,3.770853678385416852e-01,5.028483072916666297e-01,6.609000000000000000e+03
7.436366366366365943e-01,1.168619791666666713e-01,3.837076822916666852e-01,4.994303385416666852e-01,6.630428571428571558e+03
7.506426426426426879e-01,1.217320760091145787e-01,3.903096516927083148e-01,4.879582722981770648e-01,6.649285714285714675e+03
7.576486486486486704e-01,1.122996012369791713e-01,3.927561442057291852e-01,4.949442545572916852e-01,6.668714285714285325e+03
7.646546546546546530e-01,1.304524739583333426e-01,3.957112630208333148e-01,4.738362630208333148e-01,6.689000000000000000e+03
7.716606606606606356e-01,1.198323567708333287e-01,4.010213216145833148e-01,4.791463216145833148e-01,6.710428571428571558e+03
7.786666666666666181e-01,1.138407389322916713e-01,3.960062662760416852e-01,4.901529947916666852e-01,6.728285714285714675e+03
7.856726726726727117e-01,1.134847005208333287e-01,3.950398763020833148e-01,4.914754231770833148e-01,6.746571428571428442e+03
7.926786786786786942e-01,1.110560099283854213e-01,4.004084269205729352e-01,4.885355631510416852e-01,6.766285714285714675e+03
7.996846846846846768e-01,1.121037801106770787e-01,4.011205037434895648e-01,4.867757161458333148e-01,6.785142857142856883e+03
8.066906906906906594e-01,1.114705403645833287e-01,4.061787923177083148e-01,4.823506673177083148e-01,6.803142857142856883e+03
8.136966966966966419e-01,1.111043294270833287e-01,4.064534505208333148e-01,4.824422200520833148e-01,6.821714285714285325e+03
8.207027027027027355e-01,1.116536458333333287e-01,4.129231770833333148e-01,4.754231770833333148e-01,6.842285714285714675e+03
8.277087087087087180e-01,1.133931477864583287e-01,4.260457356770833148e-01,4.605611165364583148e-01,6.861857142857143117e+03
8.347147147147147006e-01,1.125081380208333287e-01,4.330647786458333148e-01,4.544270833333333148e-01,6.880000000000000000e+03
8.417207207207206832e-01,8.277384440104167129e-02,4.490915934244791852e-01,4.681345621744791852e-01,6.892285714285714675e+03
8.487267267267267767e-01,8.763631184895832871e-02,4.243214925130208148e-01,4.880421956380208148e-01,6.915285714285714675e+03
8.557327327327327593e-01,1.144816080729166713e-01,4.275919596354166852e-01,4.579264322916666852e-01,6.933142857142856883e+03
8.627387387387387419e-01,1.041310628255208287e-01,4.361852010091145648e-01,4.596837361653645648e-01,6.950000000000000000e+03
8.697447447447447244e-01,9.832255045572917129e-02,4.429728190104166852e-01,4.587046305338541852e-01,6.967714285714285325e+03
8.767507507507507070e-01,1.473185221354166574e-01,4.331766764322916852e-01,4.195048014322916852e-01,6.984285714285714675e+03
8.837567567567568005e-01,9.842936197916667129e-02,4.388529459635416852e-01,4.627176920572916852e-01,6.999571428571428442e+03
8.907627627627627831e-01,1.499188741048177176e-01,4.327843983968098773e-01,4.172967274983723773e-01,7.017000000000000000e+03
8.977687687687687657e-01,9.993489583333332871e-02,4.441731770833333148e-01,4.558919270833333148e-01,7.033142857142856883e+03
9.047747747747747482e-01,1.321156819661458426e-01,4.332173665364583148e-01,4.346669514973958148e-01,7.048285714285714675e+03
9.117807807807807308e-01,1.277262369791666574e-01,4.400431315104166852e-01,4.322306315104166852e-01,7.067000000000000000e+03
9.187867867867868243e-01,1.223551432291666713e-01,4.712320963541666852e-01,4.064127604166666852e-01,7.085142857142856883e+03
9.257927927927928069e-01,1.156056722005208287e-01,4.399007161458333148e-01,4.444936116536458148e-01,7.096142857142856883e+03
9.327987987987987895e-01,1.226908365885416713e-01,4.855143229166666852e-01,3.917948404947916852e-01,7.112571428571428442e+03
9.398048048048047720e-01,1.434504191080729074e-01,4.588038126627604352e-01,3.977457682291666852e-01,7.128857142857143117e+03
9.468108108108107546e-01,1.041158040364583287e-01,4.941914876302083148e-01,4.016927083333333148e-01,7.145571428571428442e+03
9.538168168168168481e-01,1.039377848307291713e-01,4.947916666666666852e-01,4.012705485026041852e-01,7.160857142857143117e+03
9.608228228228228307e-01,1.205851236979166713e-01,4.786478678385416852e-01,4.007670084635416852e-01,7.173714285714285325e+03
9.678288288288288133e-01,1.150487263997395787e-01,4.819959004720051898e-01,4.029553731282551898e-01,7.187714285714285325e+03
9.748348348348347958e-01,1.173197428385416713e-01,4.804178873697916852e-01,4.022623697916666852e-01,7.204714285714285325e+03
9.818408408408408894e-01,1.202290852864583287e-01,4.908955891927083148e-01,3.888753255208333148e-01,7.218285714285714675e+03
9.888468468468468719e-01,1.204121907552083287e-01,4.902394612630208148e-01,3.893483479817708148e-01,7.232142857142856883e+03
9.958528528528528545e-01,1.152623494466145787e-01,4.928487141927083148e-01,3.918889363606770648e-01,7.245857142857143117e+03
1.002858858858858726e+00,1.172739664713541713e-01,4.923197428385416852e-01,3.904062906901041852e-01,7.262285714285714675e+03
1.009864864864864709e+00,1.525090535481770926e-01,4.784291585286458148e-01,3.690617879231770648e-01,7.280285714285714675e+03
1.016870870870870691e+00,1.269963582356770926e-01,4.980443318684895648e-01,3.749593098958333148e-01,7.293571428571428442e+03
1.023876876876876674e+00,1.322046915690104074e-01,4.963366190592448102e-01,3.714586893717448102e-01,7.306428571428571558e+03
1.030882882882882878e+00,1.308186848958333426e-01,4.980672200520833148e-01,3.711140950520833148e-01,7.320428571428571558e+03
1.037888888888888861e+00,1.307474772135416574e-01,4.977366129557291852e-01,3.715159098307291852e-01,7.335428571428571558e+03
1.044894894894894843e+00,1.478551228841145926e-01,4.874776204427083148e-01,3.646672566731770648e-01,7.349571428571428442e+03
1.051900900900900826e+00,1.389821370442708426e-01,4.929402669270833148e-01,3.680775960286458148e-01,7.363857142857143117e+03
1.058906906906906809e+00,1.495844523111979074e-01,4.938074747721354352e-01,3.566080729166666852e-01,7.378571428571428442e+03
1.065912912912912791e+00,1.372782389322916574e-01,4.910685221354166852e-01,3.716532389322916852e-01,7.393000000000000000e+03
1.072918918918918774e+00,1.462605794270833426e-01,4.984029134114583148e-01,3.553365071614583148e-01,7.407285714285714675e+03
1.079924924924924756e+00,1.273447672526041574e-01,4.987131754557291852e-01,3.739420572916666852e-01,7.420571428571428442e+03
1.086930930930930739e+00,1.583048502604166574e-01,4.831034342447916852e-01,3.585917154947916852e-01,7.437285714285714675e+03
1.093936936936936721e+00,1.377283732096354074e-01,4.904505411783854352e-01,3.718210856119791852e-01,7.449142857142856883e+03
1.100942942942942926e+00,1.310628255208333426e-01,4.956563313802083148e-01,3.732808430989583148e-01,7.462857142857143117e+03
1.107948948948948908e+00,1.295674641927083426e-01,4.969685872395833148e-01,3.734639485677083148e-01,7.474142857142856883e+03
1.114954954954954891e+00,1.475016276041666574e-01,4.889933268229166852e-01,3.635050455729166852e-01,7.489714285714285325e+03
1.121960960960960874e+00,1.380208333333333426e-01,4.925130208333333148e-01,3.694661458333333148e-01,7.504714285714285325e+03
1.128966966966966856e+00,1.356608072916666574e-01,4.945475260416666852e-01,3.697916666666666852e-01,7.519714285714285325e+03
1.135972972972972839e+00,1.460673014322916574e-01,4.892985026041666852e-01,3.646341959635416852e-01,7.534857142857143117e+03
1.142978978978978821e+00,1.431477864583333426e-01,4.987080891927083148e-01,3.581441243489583148e-01,7.547428571428571558e+03
1.149984984984984804e+00,1.436564127604166574e-01,4.984690348307291852e-01,3.578745524088541852e-01,7.559142857142856883e+03
1.156990990990990786e+00,1.640218098958333426e-01,4.804890950520833148e-01,3.554890950520833148e-01,7.575285714285714675e+03
1.163996996996996991e+00,1.146748860677083287e-01,5.441563924153646203e-01,3.411687215169270648e-01,7.570857142857143117e+03
1.171003003003002974e+00,1.149088541666666713e-01,5.441080729166666297e-01,3.409830729166666852e-01,7.583142857142856883e+03
1.178009009009008956e+00,1.197916666666666713e-01,5.393168131510416297e-01,3.408915201822916852e-01,7.596000000000000000e+03
1.185015015015014939e+00,1.077734629313151088e-01,5.527273813883463172e-01,3.394991556803385602e-01,7.607857142857143117e+03
1.192021021021020921e+00,1.200358072916666713e-01,5.415445963541666297e-01,3.384195963541666852e-01,7.618571428571428442e+03
1.199027027027026904e+00,1.149393717447916713e-01,5.456644694010416297e-01,3.393961588541666852e-01,7.628571428571428442e+03
1.206033033033032886e+00,1.129353841145833287e-01,5.443929036458333703e-01,3.426717122395833148e-01,7.641142857142856883e+03
1.213039039039038869e+00,1.139246622721354213e-01,5.446039835611978797e-01,3.414713541666666852e-01,7.654000000000000000e+03
1.220045045045044851e+00,1.140721638997395787e-01,5.433095296223958703e-01,3.426183064778645648e-01,7.663714285714285325e+03
1.227051051051050834e+00,1.186014811197916713e-01,5.424753824869791297e-01,3.389231363932291852e-01,7.675857142857143117e+03
1.234057057057057039e+00,1.192754109700520787e-01,5.414326985677083703e-01,3.392918904622395648e-01,7.688142857142856883e+03
1.241063063063063021e+00,1.004492441813151088e-01,5.628172556559244422e-01,3.367335001627604352e-01,7.702857142857143117e+03
1.248069069069069004e+00,9.829203287760417129e-02,5.625483194986978797e-01,3.391596476236979352e-01,7.714428571428571558e+03
1.255075075075074986e+00,1.197611490885416713e-01,5.728251139322916297e-01,3.074137369791666852e-01,7.728000000000000000e+03
1.262081081081080969e+00,1.135609944661458287e-01,5.985081990559896203e-01,2.879308064778645648e-01,7.737000000000000000e+03
1.269087087087086951e+00,1.208089192708333287e-01,5.957845052083333703e-01,2.834065755208333148e-01,7.748571428571428442e+03
1.276093093093092934e+00,1.225941975911458287e-01,5.960133870442708703e-01,2.813924153645833148e-01,7.758571428571428442e+03
1.283099099099098916e+00,1.230519612630208287e-01,5.956471761067708703e-01,2.813008626302083148e-01,7.767857142857143117e+03
1.290105105105104899e+00,1.244303385416666713e-01,5.941569010416666297e-01,2.814127604166666852e-01,7.778714285714285325e+03
1.297111111111111104e+00,1.246083577473958287e-01,5.958913167317708703e-01,2.795003255208333148e-01,7.787571428571428442e+03
1.304117117117117086e+00,1.238606770833333287e-01,6.060231526692708703e-01,2.701161702473958148e-01,7.798428571428571558e+03
1.311123123123123069e+00,1.225484212239583287e-01,6.064809163411458703e-01,2.709706624348958148e-01,7.807142857142856883e+03
1.318129129129129051e+00,1.211921374003092494e-01,6.078187624613443640e-01,2.709891001383463727e-01,7.817857142857143117e+03
1.325135135135135034e+00,1.248270670572916713e-01,6.029154459635416297e-01,2.722574869791666852e-01,7.825571428571428442e+03
1.332141141141141016e+00,1.225687662760416713e-01,6.039225260416666297e-01,2.735087076822916852e-01,7.834142857142856883e+03
1.339147147147146999e+00,1.334355672200520926e-01,5.916951497395833703e-01,2.748692830403645648e-01,7.846714285714285325e+03
1.346153153153152982e+00,1.487019856770833426e-01,5.819447835286458703e-01,2.693532307942708148e-01,7.854571428571428442e+03
1.353159159159158964e+00,1.392949422200520926e-01,5.905125935872396203e-01,2.701924641927083148e-01,7.863000000000000000e+03
1.360165165165164947e+00,1.601613362630208426e-01,5.770772298177083703e-01,2.627614339192708148e-01,7.873000000000000000e+03
1.367171171171171151e+00,1.333211263020833426e-01,5.932820638020833703e-01,2.733968098958333148e-01,7.881142857142856883e+03
1.374177177177177134e+00,1.616719563802083426e-01,5.755818684895833703e-01,2.627461751302083148e-01,7.892714285714285325e+03
1.381183183183183116e+00,1.579793294270833426e-01,5.831807454427083703e-01,2.588399251302083148e-01,7.900857142857143117e+03
1.388189189189189099e+00,1.565958658854166574e-01,5.843607584635416297e-01,2.590433756510416852e-01,7.909714285714285325e+03
1.395195195195195081e+00,1.302591959635416574e-01,5.989329020182291297e-01,2.708079020182291852e-01,7.920000000000000000e+03
1.402201201201201064e+00,1.554133097330729074e-01,5.833956400553385047e-01,2.611910502115885602e-01,7.928000000000000000e+03
1.409207207207207047e+00,1.580454508463541574e-01,5.857798258463541297e-01,2.561747233072916852e-01,7.937857142857143117e+03
1.416213213213213029e+00,1.333796183268229074e-01,6.149851481119791297e-01,2.516352335611979352e-01,7.947857142857143117e+03
1.423219219219219012e+00,1.328404744466145926e-01,6.142323811848958703e-01,2.529271443684895648e-01,7.955428571428571558e+03
1.430225225225225216e+00,1.295534769694010324e-01,6.203600565592447547e-01,2.500864664713541852e-01,7.961142857142856883e+03
1.437231231231231199e+00,1.297200520833333426e-01,6.187337239583333703e-01,2.515462239583333148e-01,7.970571428571428442e+03
1.444237237237237181e+00,1.429506937662760324e-01,6.122881571451822547e-01,2.447611490885416574e-01,7.980571428571428442e+03
1.451243243243243164e+00,1.481119791666666574e-01,6.110178629557291297e-01,2.408701578776041574e-01,7.988285714285714675e+03
1.458249249249249146e+00,1.453043619791666574e-01,6.138102213541666297e-01,2.408854166666666574e-01,7.996571428571428442e+03
1.465255255255255129e+00,1.471684773763020926e-01,6.119588216145833703e-01,2.408727010091145926e-01,8.005714285714285325e+03
1.472261261261261112e+00,1.259905497233072824e-01,6.249891916910806922e-01,2.490202585856119699e-01,8.011285714285714675e+03
1.479267267267267094e+00,1.261049906412760324e-01,6.249376932779947547e-01,2.489573160807291574e-01,8.019571428571428442e+03
1.486273273273273077e+00,1.467259724934895926e-01,6.122907002766927453e-01,2.409833272298177176e-01,8.029428571428571558e+03
1.493279279279279059e+00,1.301930745442708426e-01,6.241124471028646203e-01,2.456944783528645926e-01,8.035285714285714675e+03
1.500285285285285264e+00,1.209665934244791713e-01,6.421229044596353797e-01,2.369105021158854074e-01,8.041428571428571558e+03
1.507291291291291246e+00,1.145960489908854213e-01,6.458231608072916297e-01,2.395807902018229074e-01,8.052000000000000000e+03
1.514297297297297229e+00,1.041056315104166713e-01,6.665751139322916297e-01,2.293192545572916574e-01,8.059285714285714675e+03
1.521303303303303212e+00,1.067225138346354213e-01,6.639200846354166297e-01,2.293574015299479074e-01,8.065571428571428442e+03
1.528309309309309194e+00,1.042429606119791713e-01,6.665903727213541297e-01,2.291666666666666574e-01,8.073142857142856883e+03
1.535315315315315177e+00,1.099904378255208287e-01,6.598714192708333703e-01,2.301381429036458426e-01,8.078857142857143117e+03
1.542321321321321159e+00,1.145579020182291713e-01,6.770960489908853797e-01,2.083460489908854074e-01,8.088285714285714675e+03
1.549327327327327142e+00,1.434771219889322824e-01,7.134157816569010047e-01,1.431070963541666574e-01,8.096428571428571558e+03
1.556333333333333124e+00,1.500752766927083426e-01,7.063191731770833703e-01,1.436055501302083426e-01,8.100142857142856883e+03
1.563339339339339329e+00,1.437174479166666574e-01,7.093912760416666297e-01,1.468912760416666574e-01,8.102714285714285325e+03
1.570345345345345311e+00,1.433817545572916574e-01,7.093149820963541297e-01,1.473032633463541574e-01,8.107285714285714675e+03
1.577351351351351294e+00,1.310679117838541574e-01,7.192255655924478797e-01,1.497065226236979074e-01,8.109428571428571558e+03
1.584357357357357277e+00,1.295572916666666574e-01,7.194010416666666297e-01,1.510416666666666574e-01,8.114571428571428442e+03
1.591363363363363259e+00,1.261698404947916574e-01,7.220713297526041297e-01,1.517588297526041574e-01,8.117714285714285325e+03
1.598369369369369242e+00,1.305135091145833426e-01,7.194112141927083703e-01,1.500752766927083426e-01,8.122142857142856883e+03
1.605375375375375224e+00,1.301829020182291574e-01,7.197519938151041297e-01,1.500651041666666574e-01,8.126857142857143117e+03
1.612381381381381207e+00,1.334406534830729074e-01,7.330919901529947547e-01,1.334673563639322824e-01,8.132000000000000000e+03
1.619387387387387189e+00,1.338297526041666574e-01,7.319208780924478797e-01,1.342493693033854074e-01,8.136571428571428442e+03
1.626393393393393172e+00,1.330973307291666574e-01,7.337443033854166297e-01,1.331583658854166574e-01,8.140000000000000000e+03
1.633399399399399377e+00,1.236775716145833287e-01,7.702840169270833703e-01,1.060384114583333287e-01,8.141142857142856883e+03
1.640405405405405359e+00,1.233466466267903600e-01,7.704022725423177453e-01,1.062510808308919225e-01,8.143857142857143117e+03
1.647411411411411342e+00,1.215006510416666713e-01,7.721964518229166297e-01,1.063028971354166713e-01,8.146142857142856883e+03
1.654417417417417324e+00,1.234944661458333287e-01,7.702840169270833703e-01,1.062215169270833287e-01,8.149285714285714675e+03
1.661423423423423307e+00,1.235478719075520787e-01,7.704404195149739953e-01,1.060117085774739537e-01,8.152428571428571558e+03
1.668429429429429289e+00,1.148173014322916713e-01,8.016001383463541297e-01,8.358256022135417129e-02,8.159285714285714675e+03
1.675435435435435272e+00,1.148885091145833287e-01,8.015645345052083703e-01,8.354695638020832871e-02,8.162428571428571558e+03
1.682441441441441254e+00,1.163533528645833287e-01,8.002675374348958703e-01,8.337910970052082871e-02,8.164428571428571558e+03
1.689447447447447237e+00,1.145985921223958287e-01,8.010762532552083703e-01,8.432515462239582871e-02,8.166571428571428442e+03
1.696453453453453442e+00,1.158854166666666713e-01,8.004557291666666297e-01,8.365885416666667129e-02,8.168714285714285325e+03
1.703459459459459424e+00,1.138102213541666713e-01,8.014322916666666297e-01,8.475748697916667129e-02,8.171285714285714675e+03
1.710465465465465407e+00,1.149088541666666713e-01,8.016993204752603797e-01,8.339182535807292129e-02,8.172714285714285325e+03
1.717471471471471389e+00,1.145299275716145787e-01,8.004659016927083703e-01,8.500417073567707871e-02,8.175428571428571558e+03
1.724477477477477372e+00,1.199620564778645787e-01,8.072064717610677453e-01,7.283147176106770371e-02,8.178142857142856883e+03
1.731483483483483354e+00,1.187032063802083287e-01,8.083394368489583703e-01,7.295735677083332871e-02,8.179285714285714675e+03
1.738489489489489337e+00,1.183141072591145787e-01,8.085263570149739953e-01,7.315953572591145371e-02,8.180285714285714675e+03
1.745495495495495319e+00,1.184565226236979213e-01,8.085238138834635047e-01,7.301966349283854629e-02,8.182571428571428442e+03
1.752501501501501302e+00,1.194203694661458287e-01,8.075459798177083703e-01,7.303365071614582871e-02,8.184142857142856883e+03
1.759507507507507285e+00,1.182505289713541713e-01,8.085428873697916297e-01,7.320658365885417129e-02,8.185857142857143117e+03
1.766513513513513489e+00,1.192270914713541713e-01,8.078104654947916297e-01,7.296244303385417129e-02,8.188428571428571558e+03
1.773519519519519472e+00,1.297098795572916574e-01,7.866617838541666297e-01,8.362833658854167129e-02,8.193571428571429351e+03
1.780525525525525454e+00,1.341044108072916574e-01,8.030726114908853797e-01,6.282297770182292129e-02,8.192428571428570649e+03
1.787531531531531437e+00,1.367886861165364676e-01,7.988255818684896203e-01,6.438573201497395371e-02,8.194142857142856883e+03
1.794537537537537419e+00,1.311238606770833426e-01,8.055318196614583703e-01,6.334431966145832871e-02,8.194714285714286234e+03
1.801543543543543402e+00,1.341908772786458426e-01,7.942403157552083703e-01,7.156880696614582871e-02,8.199285714285713766e+03
1.808549549549549385e+00,1.354039510091145926e-01,8.014272054036458703e-01,6.316884358723957871e-02,8.198285714285713766e+03
1.815555555555555367e+00,1.354471842447916574e-01,8.014017740885416297e-01,6.315104166666667129e-02,8.200571428571429351e+03
1.822561561561561350e+00,1.344350179036458426e-01,8.020757039388021203e-01,6.348927815755207871e-02,8.202142857142856883e+03
1.829567567567567554e+00,1.344350179036458426e-01,8.024190266927083703e-01,6.314595540364582871e-02,8.204142857142856883e+03
1.836573573573573537e+00,1.380685170491536551e-01,7.981999715169271203e-01,6.373151143391926621e-02,8.205428571428570649e+03
1.843579579579579519e+00,1.305948893229166574e-01,8.093668619791666297e-01,6.003824869791666435e-02,8.206285714285713766e+03
1.850585585585585502e+00,1.306584676106770926e-01,8.095105489095052453e-01,5.983098347981771065e-02,8.207142857142856883e+03
1.857591591591591484e+00,1.307169596354166574e-01,8.089090983072916297e-01,6.037394205729166435e-02,8.208857142857143117e+03
1.864597597597597467e+00,1.306050618489583426e-01,8.090871175130208703e-01,6.030782063802083565e-02,8.210000000000000000e+03
1.871603603603603450e+00,1.355997721354166574e-01,8.032633463541666297e-01,6.113688151041666435e-02,8.212285714285713766e+03
1.878609609609609432e+00,1.354166666666666574e-01,8.052927652994791297e-01,5.929056803385416435e-02,8.213428571428570649e+03
1.885615615615615415e+00,1.351826985677083426e-01,8.054555257161458703e-01,5.936177571614583565e-02,8.214857142857143117e+03
1.892621621621621397e+00,1.357320149739583426e-01,8.047231038411458703e-01,5.954488118489583565e-02,8.216285714285713766e+03
1.899627627627627602e+00,1.363932291666666574e-01,8.048502604166666297e-01,5.875651041666666435e-02,8.217714285714286234e+03
1.906633633633633584e+00,1.343892415364583426e-01,8.070424397786458703e-01,5.856831868489583565e-02,8.219142857142856883e+03
1.913639639639639567e+00,1.311848958333333426e-01,8.255208333333333703e-01,4.329427083333333565e-02,8.226428571428570649e+03
1.920645645645645549e+00,1.335957845052083426e-01,8.221181233723958703e-01,4.428609212239583565e-02,8.226571428571429351e+03
1.927651651651651532e+00,1.376835505167643137e-01,8.186861673990885047e-01,4.363028208414713310e-02,8.228857142857143117e+03
1.934657657657657515e+00,1.393636067708333426e-01,8.499348958333333703e-01,1.070149739583333391e-02,8.228428571428570649e+03
1.941663663663663497e+00,1.382013956705729074e-01,8.510080973307291297e-01,1.079050699869791609e-02,8.229000000000000000e+03
1.948669669669669480e+00,1.383425394694010324e-01,8.507525126139322547e-01,1.090494791666666609e-02,8.229571428571429351e+03
1.955675675675675462e+00,1.389668782552083426e-01,8.504994710286458703e-01,1.053365071614583391e-02,8.229428571428570649e+03
1.962681681681681667e+00,1.381479899088541574e-01,8.497416178385416297e-01,1.211039225260416609e-02,8.229285714285713766e+03
1.969687687687687649e+00,1.368687947591145926e-01,8.509877522786458703e-01,1.214345296223958391e-02,8.229714285714286234e+03
1.976693693693693632e+00,1.381429036458333426e-01,8.496907552083333703e-01,1.216634114583333391e-02,8.229857142857143117e+03
1.983699699699699615e+00,1.371561686197916574e-01,8.506876627604166297e-01,1.215616861979166609e-02,8.230285714285713766e+03
1.990705705705705597e+00,1.367594401041666574e-01,8.509928385416666297e-01,1.224772135416666609e-02,8.230714285714286234e+03
1.997711711711711580e+00,1.381632486979166574e-01,8.496805826822916297e-01,1.215616861979166609e-02,8.230000000000000000e+03
2.004717717717717562e+00,1.370442708333333426e-01,8.507893880208333703e-01,1.216634114583333391e-02,8.231000000000000000e+03
2.011723723723723545e+00,1.333669026692708426e-01,8.620427449544271203e-01,4.590352376302083044e-03,8.232000000000000000e+03
2.018729729729729527e+00,1.373112996419270926e-01,8.620808919270833703e-01,6.078084309895833695e-04,8.230142857142856883e+03
2.025735735735735510e+00,1.373112996419270926e-01,8.620808919270833703e-01,6.078084309895833695e-04,8.230142857142856883e+03
2.032741741741741492e+00,1.282857259114583426e-01,8.694051106770833703e-01,2.309163411458333478e-03,8.232571428571429351e+03
2.039747747747747475e+00,1.373011271158854074e-01,8.620897928873697547e-01,6.090799967447916305e-04,8.230142857142856883e+03
2.046753753753753458e+00,1.373265584309895926e-01,8.620656331380208703e-01,6.078084309895833695e-04,8.230142857142856883e+03
2.053759759759759440e+00,1.374715169270833426e-01,8.619283040364583703e-01,6.001790364583333695e-04,8.230285714285713766e+03
2.060765765765765867e+00,1.374715169270833426e-01,8.619283040364583703e-01,6.001790364583333695e-04,8.230285714285713766e+03
2.067771771771771849e+00,1.370417277018229074e-01,8.623263041178385047e-01,6.319681803385416305e-04,8.230142857142856883e+03
2.074777777777777832e+00,1.375223795572916574e-01,8.620249430338541297e-01,4.526774088541666847e-04,8.230571428571429351e+03
2.081783783783783814e+00,1.375223795572916574e-01,8.620249430338541297e-01,4.526774088541666847e-04,8.230571428571429351e+03
2.088789789789789797e+00,1.375223795572916574e-01,8.620249430338541297e-01,4.526774088541666847e-04,8.230571428571429351e+03
2.095795795795795780e+00,1.375223795572916574e-01,8.620249430338541297e-01,4.526774088541666847e-04,8.230571428571429351e+03
2.102801801801801762e+00,1.375223795572916574e-01,8.620249430338541297e-01,4.526774088541666847e-04,8.230571428571429351e+03
2.109807807807807745e+00,1.375223795572916574e-01,8.620249430338541297e-01,4.526774088541666847e-04,8.230571428571429351e+03
2.116813813813813727e+00,1.375223795572916574e-01,8.620249430338541297e-01,4.526774088541666847e-04,8.230571428571429351e+03
2.123819819819819710e+00,1.375223795572916574e-01,8.620249430338541297e-01,4.526774088541666847e-04,8.230571428571429351e+03
2.130825825825825692e+00,1.375223795572916574e-01,8.620249430338541297e-01,4.526774088541666847e-04,8.230571428571429351e+03
2.137831831831831675e+00,1.795705159505208426e-01,8.164571126302083703e-01,3.972371419270833044e-03,8.231714285714286234e+03
2.144837837837837657e+00,1.795660654703775949e-01,8.164641062418619422e-01,3.969828287760416956e-03,8.231714285714286234e+03
2.151843843843843640e+00,1.782480875651041574e-01,8.166453043619791297e-01,5.106608072916666956e-03,8.232571428571429351e+03
2.158849849849849623e+00,1.779073079427083426e-01,8.169759114583333703e-01,5.116780598958333044e-03,8.233000000000000000e+03
2.165855855855855605e+00,1.375325520833333426e-01,8.620198567708333703e-01,4.475911458333333153e-04,8.230714285714286234e+03
2.172861861861861588e+00,1.375325520833333426e-01,8.620198567708333703e-01,4.475911458333333153e-04,8.230714285714286234e+03
2.179867867867867570e+00,1.375325520833333426e-01,8.620198567708333703e-01,4.475911458333333153e-04,8.230714285714286234e+03
2.186873873873873553e+00,1.375325520833333426e-01,8.620198567708333703e-01,4.475911458333333153e-04,8.230714285714286234e+03
2.193879879879879979e+00,1.375325520833333426e-01,8.620198567708333703e-01,4.475911458333333153e-04,8.230714285714286234e+03
2.200885885885885962e+00,1.376241048177083426e-01,8.619740804036458703e-01,4.018147786458333153e-04,8.230714285714286234e+03
2.207891891891891945e+00,1.770807902018229074e-01,8.177134195963541297e-01,5.205790201822916956e-03,8.233857142857143117e+03
2.214897897897897927e+00,1.722208658854166574e-01,8.274485270182291297e-01,3.306070963541666847e-04,8.232857142857143117e+03
2.221903903903903910e+00,1.376241048177083426e-01,8.619740804036458703e-01,4.018147786458333153e-04,8.230714285714286234e+03
2.228909909909909892e+00,1.722208658854166574e-01,8.274485270182291297e-01,3.306070963541666847e-04,8.232857142857143117e+03
