# time,semantic,grammar,climb,minimum
1.000000000000000021e-03,6.465657552083332871e-02,1.043904622395833287e-01,8.309529622395833703e-01,2.806421052631578732e+03
8.006006006006005996e-03,6.186930338541666435e-02,3.153483072916666847e-04,9.378153483072916297e-01,2.739315789473684163e+03
1.501201201201201110e-02,6.242879231770833565e-02,5.086263020833333051e-06,9.375661214192708703e-01,2.745263157894736651e+03
2.201801801801801795e-02,5.733235677083333565e-02,2.095540364583333478e-03,9.405721028645833703e-01,2.765473684210526244e+03
2.902402402402402479e-02,5.728658040364583565e-02,6.459554036458333695e-04,9.420674641927083703e-01,2.781052631578947512e+03
3.603003003003003163e-02,4.007975260416666435e-02,7.181803385416666956e-03,9.527384440104166297e-01,2.791894736842105431e+03
4.303603603603603500e-02,1.298014322916666609e-02,9.623209635416666088e-03,9.773966471354166297e-01,2.806000000000000000e+03
5.004204204204204531e-02,1.439921061197916609e-02,7.990519205729166088e-03,9.776102701822916297e-01,2.838947368421052488e+03
5.704804804804804869e-02,1.021321614583333391e-02,8.321126302083333912e-03,9.814656575520833703e-01,2.877210526315789593e+03
6.405405405405405206e-02,1.083780924479166713e-01,1.053873697916666609e-02,8.810831705729166297e-01,2.912736842105263349e+03
7.106006006006006237e-02,8.894856770833332871e-02,2.522786458333333218e-02,8.858235677083333703e-01,2.924789473684210407e+03
7.806606606606607268e-02,8.907063802083332871e-02,2.559407552083333218e-02,8.853352864583333703e-01,2.931684210526315837e+03
8.507207207207206912e-02,7.259114583333332871e-02,2.864583333333333218e-02,8.987630208333333703e-01,2.940210526315789593e+03
9.207807807807807943e-02,6.746419270833332871e-02,2.834065755208333218e-02,9.041951497395833703e-01,2.946578947368421268e+03
9.908408408408408974e-02,8.072916666666667129e-02,2.994791666666666782e-02,8.893229166666666297e-01,2.956421052631578732e+03
1.060900900900900862e-01,7.307942708333332871e-02,2.589925130208333218e-02,9.010213216145833703e-01,2.968947368421052488e+03
1.130960960960960965e-01,7.137044270833332871e-02,2.644856770833333218e-02,9.021809895833333703e-01,2.981947368421052488e+03
1.201021021021021068e-01,7.506306966145832871e-02,2.817281087239583218e-02,8.967641194661458703e-01,3.000578947368421268e+03
1.271081081081081032e-01,2.583821614583333218e-02,2.730305989583333218e-02,9.468587239583333703e-01,3.024947368421052488e+03
1.341141141141141135e-01,2.901204427083333218e-02,2.211507161458333218e-02,9.488728841145833703e-01,3.048210526315789593e+03
1.411201201201201239e-01,8.205159505208332871e-02,3.670247395833333565e-02,8.812459309895833703e-01,3.066473684210526244e+03
1.481261261261261342e-01,8.268229166666667129e-02,3.776041666666666435e-02,8.795572916666666297e-01,3.089315789473684163e+03
1.551321321321321445e-01,8.243815104166667129e-02,3.971354166666666435e-02,8.778483072916666297e-01,3.106157894736842081e+03
1.621381381381381270e-01,7.576497395833332871e-02,3.670247395833333565e-02,8.875325520833333703e-01,3.122210526315789593e+03
1.691441441441441373e-01,6.772867838541667129e-02,3.690592447916666435e-02,8.953653971354166297e-01,3.139315789473684163e+03
1.761501501501501477e-01,7.552083333333332871e-02,4.427083333333333565e-02,8.802083333333333703e-01,3.154894736842105431e+03
1.831561561561561580e-01,4.036458333333333565e-02,4.231770833333333565e-02,9.173177083333333703e-01,3.170315789473684163e+03
1.901621621621621683e-01,4.793294270833333565e-02,3.230794270833333565e-02,9.197591145833333703e-01,3.183000000000000000e+03
1.971681681681681786e-01,5.135091145833333565e-02,3.249104817708333565e-02,9.161580403645833703e-01,3.193684210526315837e+03
2.041741741741741611e-01,5.159505208333333565e-02,3.255208333333333565e-02,9.158528645833333703e-01,3.206000000000000000e+03
2.111801801801801715e-01,5.411783854166666435e-02,3.495279947916666435e-02,9.109293619791666297e-01,3.218631578947368325e+03
2.181861861861861818e-01,5.265299479166666435e-02,3.544108072916666435e-02,9.119059244791666297e-01,3.233684210526315837e+03
2.251921921921921921e-01,3.590901692708333565e-02,3.841145833333333565e-02,9.256795247395833703e-01,3.246526315789473756e+03
2.321981981981982024e-01,4.331461588541666435e-02,4.136149088541666435e-02,9.153238932291666297e-01,3.260578947368421268e+03
2.392042042042042127e-01,4.355875651041666435e-02,4.059855143229166435e-02,9.158426920572916297e-01,3.274263157894736651e+03
2.462102102102102230e-01,4.427083333333333565e-02,4.427083333333333565e-02,9.114583333333333703e-01,3.289052631578947512e+03
2.532162162162162056e-01,4.622395833333333565e-02,4.378255208333333565e-02,9.099934895833333703e-01,3.303894736842105431e+03
2.602222222222222436e-01,4.686482747395833565e-02,4.686482747395833565e-02,9.062703450520833703e-01,3.319526315789473756e+03
2.672282282282282262e-01,5.672200520833333565e-02,4.842122395833333565e-02,8.948567708333333703e-01,3.335157894736842081e+03
2.742342342342342087e-01,5.428059895833333565e-02,4.463704427083333565e-02,9.010823567708333703e-01,3.351578947368421268e+03
2.812402402402402468e-01,3.761800130208333565e-02,4.152425130208333565e-02,9.208577473958333703e-01,3.368631578947368325e+03
2.882462462462462294e-01,5.039469401041666435e-02,5.002848307291666435e-02,8.995768229166666297e-01,3.383631578947368325e+03
2.952522522522522674e-01,4.964701334635416435e-02,5.355326334635416435e-02,8.967997233072916297e-01,3.396684210526315837e+03
3.022582582582582500e-01,2.506510416666666782e-02,5.607096354166666435e-02,9.188639322916666297e-01,3.412263157894736651e+03
3.092642642642642881e-01,1.847330729166666782e-02,3.092447916666666782e-02,9.506022135416666297e-01,3.428263157894736651e+03
3.162702702702702706e-01,1.285807291666666609e-02,2.530924479166666782e-02,9.618326822916666297e-01,3.445052631578947512e+03
3.232762762762762532e-01,2.913411458333333218e-02,2.718098958333333218e-02,9.436848958333333703e-01,3.464105263157894569e+03
3.302822822822822912e-01,4.036458333333333565e-02,3.487141927083333565e-02,9.247639973958333703e-01,3.480315789473684163e+03
3.372882882882882738e-01,4.954020182291666435e-02,3.904215494791666435e-02,9.114176432291666297e-01,3.499578947368421268e+03
3.442942942942943119e-01,4.945882161458333565e-02,3.383382161458333565e-02,9.167073567708333703e-01,3.519736842105263349e+03
3.513003003003002944e-01,6.245930989583333565e-02,8.138020833333332882e-05,9.374593098958333703e-01,3.530263157894736651e+03
3.583063063063063325e-01,6.233723958333333565e-02,8.138020833333333695e-04,9.368489583333333703e-01,3.548736842105263349e+03
3.653123123123123150e-01,6.125895182291666435e-02,1.627604166666666739e-03,9.371134440104166297e-01,3.564684210526315837e+03
3.723183183183182976e-01,6.184895833333333565e-02,6.917317708333333695e-04,9.374593098958333703e-01,3.576000000000000000e+03
3.793243243243243357e-01,4.874674479166666435e-02,4.069010416666666441e-05,9.512125651041666297e-01,3.594000000000000000e+03
3.863303303303303182e-01,6.184895833333333565e-02,3.255208333333333153e-04,9.378255208333333703e-01,3.621315789473684163e+03
3.933363363363363563e-01,3.974405924479166435e-02,1.932779947916666576e-04,9.600626627604166297e-01,3.639736842105263349e+03
4.003423423423423388e-01,6.608072916666667129e-02,5.533854166666666435e-02,8.785807291666666297e-01,3.663000000000000000e+03
4.073483483483483214e-01,5.940755208333333565e-02,5.598958333333333565e-02,8.846028645833333703e-01,3.678210526315789593e+03
4.143543543543543595e-01,8.528645833333332871e-02,6.966145833333332871e-02,8.450520833333333703e-01,3.696421052631578732e+03
4.213603603603603420e-01,8.423868815104167129e-02,8.478800455729167129e-02,8.309733072916666297e-01,3.710526315789473756e+03
4.283663663663663801e-01,8.610026041666667129e-02,7.902018229166667129e-02,8.348795572916666297e-01,3.723684210526315837e+03
4.353723723723723626e-01,8.064778645833332871e-02,8.089192708333332871e-02,8.384602864583333703e-01,3.739263157894736651e+03
4.423783783783784007e-01,9.147135416666667129e-02,8.317057291666667129e-02,8.253580729166666297e-01,3.753368421052631675e+03
4.493843843843843833e-01,8.658345540364582871e-02,7.486470540364582871e-02,8.385518391927083703e-01,3.769210526315789593e+03
4.563903903903903658e-01,9.318033854166667129e-02,7.853190104166667129e-02,8.282877604166666297e-01,3.784578947368421268e+03
4.633963963963964039e-01,9.346516927083332871e-02,7.930501302083332871e-02,8.272298177083333703e-01,3.800421052631578732e+03
4.704024024024023864e-01,1.023763020833333287e-01,7.869466145833332871e-02,8.189290364583333703e-01,3.817105263157894569e+03
4.774084084084084245e-01,9.928385416666667129e-02,8.463541666666667129e-02,8.160807291666666297e-01,3.833578947368421268e+03
4.844144144144144071e-01,9.749348958333332871e-02,7.649739583333332871e-02,8.260091145833333703e-01,3.849894736842105431e+03
4.914204204204204451e-01,9.781901041666667129e-02,7.523600260416667129e-02,8.269449869791666297e-01,3.867421052631578732e+03
4.984264264264264277e-01,9.895833333333332871e-02,7.674153645833332871e-02,8.243001302083333703e-01,3.886789473684210407e+03
5.054324324324324103e-01,1.043294270833333287e-01,7.332356770833332871e-02,8.223470052083333703e-01,3.904631578947368325e+03
5.124384384384383928e-01,1.026204427083333287e-01,7.124837239583332871e-02,8.261311848958333703e-01,3.922631578947368325e+03
5.194444444444444864e-01,9.065755208333332871e-02,8.333333333333332871e-02,8.260091145833333703e-01,3.942684210526315837e+03
5.264504504504504689e-01,9.293619791666667129e-02,6.363932291666667129e-02,8.434244791666666297e-01,3.962210526315789593e+03
5.334564564564564515e-01,1.018778483072916713e-01,1.043802897135416713e-01,7.937418619791666297e-01,3.980736842105263349e+03
5.404624624624624341e-01,1.070149739583333287e-01,1.035970052083333287e-01,7.893880208333333703e-01,3.999894736842105431e+03
5.474684684684684166e-01,1.236063639322916713e-01,1.413981119791666739e-03,8.749796549479166297e-01,4.002894736842105431e+03
5.544744744744745102e-01,1.220906575520833287e-01,3.163655598958333478e-03,8.747456868489583703e-01,4.018526315789473756e+03
5.614804804804804927e-01,1.047770182291666713e-01,1.018473307291666713e-01,7.933756510416666297e-01,4.054894736842105431e+03
5.684864864864864753e-01,1.127115885416666713e-01,9.586588541666667129e-02,7.914225260416666297e-01,4.074894736842105431e+03
5.754924924924924579e-01,1.257120768229166574e-01,6.571451822916666956e-03,8.677164713541666297e-01,4.080789473684210407e+03
5.824984984984985514e-01,1.199544270833333287e-01,8.040364583333332871e-02,7.996419270833333703e-01,4.109631578947368325e+03
5.895045045045045340e-01,1.216634114583333287e-01,1.228841145833333391e-02,8.660481770833333703e-01,4.119526315789473301e+03
5.965105105105105165e-01,1.228841145833333287e-01,1.326497395833333391e-02,8.638509114583333703e-01,4.135263157894736651e+03
6.035165165165164991e-01,1.100260416666666713e-01,1.627604166666666782e-02,8.736979166666666297e-01,4.152210526315789139e+03
6.105225225225224817e-01,1.099650065104166713e-01,1.871744791666666782e-02,8.713175455729166297e-01,4.168736842105263349e+03
6.175285285285285752e-01,1.104329427083333287e-01,1.973470052083333218e-02,8.698323567708333703e-01,4.185368421052631675e+03
6.245345345345345578e-01,1.149088541666666713e-01,2.115885416666666782e-02,8.639322916666666297e-01,4.200789473684210861e+03
6.315405405405405403e-01,1.256917317708333426e-01,1.888020833333333218e-02,8.554280598958333703e-01,4.216947368421052488e+03
6.385465465465465229e-01,1.263020833333333426e-01,1.668294270833333218e-02,8.570149739583333703e-01,4.231947368421052488e+03
6.455525525525525055e-01,1.304524739583333426e-01,2.022298177083333218e-02,8.493245442708333703e-01,4.250526315789473301e+03
6.525585585585585990e-01,1.266276041666666574e-01,2.213541666666666782e-02,8.512369791666666297e-01,4.268368421052631675e+03
6.595645645645645816e-01,1.336873372395833426e-01,3.456624348958333565e-02,8.317464192708333703e-01,4.291368421052631675e+03
6.665705705705705642e-01,1.284993489583333426e-01,1.115315755208333287e-01,7.599690755208333703e-01,4.312789473684210861e+03
6.735765765765765467e-01,1.287027994791666574e-01,1.140543619791666713e-01,7.572428385416666297e-01,4.330157894736842536e+03
6.805825825825825293e-01,1.361490885416666574e-01,1.039225260416666713e-01,7.599283854166666297e-01,4.348421052631579187e+03
6.875885885885886228e-01,1.273600260416666574e-01,1.131998697916666713e-01,7.594401041666666297e-01,4.366157894736842536e+03
6.945945945945946054e-01,1.317952473958333426e-01,1.171468098958333287e-01,7.510579427083333703e-01,4.383473684210526699e+03
7.016006006006005880e-01,1.263020833333333426e-01,1.233723958333333287e-01,7.503255208333333703e-01,4.400421052631579187e+03
7.086066066066065705e-01,1.276041666666666574e-01,1.183268229166666713e-01,7.540690104166666297e-01,4.417684210526315837e+03
7.156126126126126641e-01,1.362711588541666574e-01,1.028238932291666713e-01,7.609049479166666297e-01,4.436684210526315837e+03
7.226186186186186466e-01,1.333821614583333426e-01,1.138509114583333287e-01,7.527669270833333703e-01,4.455263157894736651e+03
7.296246246246246292e-01,1.319173177083333426e-01,1.062825520833333287e-01,7.618001302083333703e-01,4.473368421052631675e+03
7.366306306306306118e-01,1.370442708333333426e-01,1.072591145833333287e-01,7.556966145833333703e-01,4.492684210526315837e+03
7.436366366366365943e-01,1.324869791666666574e-01,1.070963541666666713e-01,7.604166666666666297e-01,4.509947368421052488e+03
7.506426426426426879e-01,1.429036458333333426e-01,9.944661458333332871e-02,7.576497395833333703e-01,4.528105263157895024e+03
7.576486486486486704e-01,1.313069661458333426e-01,1.167805989583333287e-01,7.519124348958333703e-01,4.544473684210526699e+03
7.646546546546546530e-01,1.330973307291666574e-01,8.915201822916667129e-02,7.777506510416666297e-01,4.564526315789473301e+03
7.716606606606606356e-01,1.302744547526041574e-01,1.146494547526041713e-01,7.550760904947916297e-01,4.580947368421052488e+03
7.786666666666666181e-01,1.549479166666666574e-01,9.244791666666667129e-02,7.526041666666666297e-01,4.598894736842104976e+03
7.856726726726727117e-01,1.506551106770833426e-01,8.864339192708332871e-02,7.607014973958333703e-01,4.615052631578947512e+03
7.926786786786786942e-01,1.276652018229166574e-01,1.217753092447916713e-01,7.505594889322916297e-01,4.631052631578947512e+03
7.996846846846846768e-01,1.510264078776041574e-01,9.633890787760417129e-02,7.526346842447916297e-01,4.648526315789473301e+03
8.066906906906906594e-01,1.257731119791666574e-01,1.236979166666666713e-01,7.505289713541666297e-01,4.662157894736842536e+03
8.136966966966966419e-01,1.254069010416666574e-01,1.244303385416666713e-01,7.501627604166666297e-01,4.679473684210526699e+03
8.207027027027027355e-01,1.330159505208333426e-01,1.156209309895833287e-01,7.513631184895833703e-01,4.696526315789473301e+03
8.277087087087087180e-01,1.361490885416666574e-01,1.136881510416666713e-01,7.501627604166666297e-01,4.712421052631579187e+03
8.347147147147147006e-01,1.263020833333333426e-01,1.234944661458333287e-01,7.502034505208333703e-01,4.728263157894736651e+03
8.417207207207206832e-01,1.258138020833333426e-01,1.241048177083333287e-01,7.500813802083333703e-01,4.743842105263157464e+03
8.487267267267267767e-01,1.283772786458333426e-01,1.215413411458333287e-01,7.500813802083333703e-01,4.760368421052631675e+03
8.557327327327327593e-01,1.266276041666666574e-01,1.223551432291666713e-01,7.510172526041666297e-01,4.776947368421052488e+03
8.627387387387387419e-01,1.550191243489583426e-01,1.237080891927083287e-01,7.212727864583333703e-01,4.789157894736842536e+03
8.697447447447447244e-01,1.274210611979166574e-01,1.220499674479166713e-01,7.505289713541666297e-01,4.806421052631579187e+03
8.767507507507507070e-01,1.506754557291666574e-01,1.218668619791666713e-01,7.274576822916666297e-01,4.820052631578947512e+03
8.837567567567568005e-01,1.516520182291666574e-01,1.202189127604166713e-01,7.281290690104166297e-01,4.836210526315789139e+03
8.907627627627627831e-01,1.431477864583333426e-01,1.066487630208333287e-01,7.502034505208333703e-01,4.854368421052631675e+03
8.977687687687687657e-01,1.701863606770833426e-01,1.018575032552083287e-01,7.279561360677083703e-01,4.870631578947368325e+03
9.047747747747747482e-01,1.626790364583333426e-01,1.139424641927083287e-01,7.233784993489583703e-01,4.885947368421052488e+03
9.117807807807807308e-01,1.466471354166666574e-01,1.137491861979166713e-01,7.396036783854166297e-01,4.900052631578947512e+03
9.187867867867868243e-01,1.489969889322916574e-01,1.227518717447916713e-01,7.282511393229166297e-01,4.915157894736842536e+03
9.257927927927928069e-01,1.609700520833333426e-01,8.357747395833332871e-02,7.554524739583333703e-01,4.932473684210526699e+03
9.327987987987987895e-01,1.982218424479166574e-01,8.872477213541667129e-02,7.130533854166666297e-01,4.947631578947368325e+03
9.398048048048047720e-01,1.490885416666666574e-01,8.268229166666667129e-02,7.682291666666666297e-01,4.964315789473684163e+03
9.468108108108107546e-01,1.555989583333333426e-01,9.016927083333332871e-02,7.542317708333333703e-01,4.978210526315789139e+03
9.538168168168168481e-01,1.702677408854166574e-01,7.950846354166667129e-02,7.502237955729166297e-01,4.990421052631579187e+03
9.608228228228228307e-01,1.678059895833333426e-01,8.089192708333332871e-02,7.513020833333333703e-01,5.007473684210526699e+03
9.678288288288288133e-01,1.626790364583333426e-01,8.260091145833332871e-02,7.547200520833333703e-01,5.023736842105263349e+03
9.748348348348347958e-01,1.566365559895833426e-01,8.876546223958332871e-02,7.545979817708333703e-01,5.040631578947368325e+03
9.818408408408408894e-01,1.606648763020833426e-01,8.363850911458332871e-02,7.556966145833333703e-01,5.055894736842104976e+03
9.888468468468468719e-01,1.783854166666666574e-01,6.705729166666667129e-02,7.545572916666666297e-01,5.072526315789473301e+03
9.958528528528528545e-01,1.745808919270833426e-01,7.253011067708332871e-02,7.528889973958333703e-01,5.088789473684210861e+03
1.002858858858858726e+00,1.830240885416666574e-01,6.687418619791667129e-02,7.501017252604166297e-01,5.103842105263157464e+03
1.009864864864864709e+00,1.824747721354166574e-01,6.528727213541667129e-02,7.522379557291666297e-01,5.119842105263157464e+03
1.016870870870870691e+00,1.686197916666666574e-01,6.803385416666667129e-02,7.633463541666666297e-01,5.137157894736842536e+03
1.023876876876876674e+00,1.655400594075520926e-01,6.434377034505207871e-02,7.701161702473958703e-01,5.151368421052631675e+03
1.030882882882882878e+00,1.676839192708333426e-01,6.352742513020832871e-02,7.687886555989583703e-01,5.165894736842104976e+03
1.037888888888888861e+00,1.682942708333333426e-01,6.660970052083332871e-02,7.650960286458333703e-01,5.182684210526315837e+03
1.044894894894894843e+00,1.666666666666666574e-01,6.705729166666667129e-02,7.662760416666666297e-01,5.198052631578947512e+03
1.051900900900900826e+00,1.743367513020833426e-01,6.508382161458332871e-02,7.605794270833333703e-01,5.214157894736842536e+03
1.058906906906906809e+00,1.770833333333333426e-01,6.770833333333332871e-02,7.552083333333333703e-01,5.230736842105263349e+03
1.065912912912912791e+00,1.633097330729166574e-01,7.242838541666667129e-02,7.642618815104166297e-01,5.248210526315789139e+03
1.072918918918918774e+00,1.648356119791666574e-01,7.364908854166667129e-02,7.615152994791666297e-01,5.265684210526315837e+03
1.079924924924924756e+00,1.824849446614583426e-01,6.551106770833332871e-02,7.520039876302083703e-01,5.283210526315789139e+03
1.086930930930930739e+00,1.721598307291666574e-01,6.717936197916667129e-02,7.606608072916666297e-01,5.301105263157895024e+03
1.093936936936936721e+00,1.759847005208333426e-01,6.679280598958332871e-02,7.572224934895833703e-01,5.318789473684210861e+03
1.100942942942942926e+00,1.738688151041666574e-01,6.492106119791667129e-02,7.612101236979166297e-01,5.337631578947368325e+03
1.107948948948948908e+00,1.785481770833333426e-01,6.868489583333332871e-02,7.527669270833333703e-01,5.354421052631579187e+03
1.114954954954954891e+00,1.706136067708333426e-01,7.100423177083332871e-02,7.583821614583333703e-01,5.370894736842104976e+03
1.121960960960960874e+00,1.694539388020833426e-01,7.179768880208332871e-02,7.587483723958333703e-01,5.390789473684210861e+03
1.128966966966966856e+00,1.822916666666666574e-01,6.608072916666667129e-02,7.516276041666666297e-01,5.409157894736842536e+03
1.135972972972972839e+00,1.751302083333333426e-01,6.578572591145832871e-02,7.590840657552083703e-01,5.428368421052631675e+03
1.142978978978978821e+00,1.632486979166666574e-01,8.512369791666667129e-02,7.516276041666666297e-01,5.449105263157895024e+03
1.149984984984984804e+00,1.661783854166666574e-01,8.292643229166667129e-02,7.508951822916666297e-01,5.467894736842104976e+03
1.156990990990990786e+00,1.693522135416666574e-01,7.853190104166667129e-02,7.521158854166666297e-01,5.486736842105263349e+03
1.163996996996996991e+00,1.694742838541666574e-01,7.786051432291667129e-02,7.526652018229166297e-01,5.506000000000000000e+03
1.171003003003002974e+00,1.741536458333333426e-01,6.917317708333332871e-02,7.566731770833333703e-01,5.525789473684210861e+03
1.178009009009008956e+00,1.766764322916666574e-01,7.297770182291667129e-02,7.503458658854166297e-01,5.543263157894736651e+03
1.185015015015014939e+00,1.809895833333333426e-01,6.783040364583332871e-02,7.511800130208333703e-01,5.563947368421052488e+03
1.192021021021020921e+00,1.895955403645833426e-01,7.167561848958332871e-02,7.387288411458333703e-01,5.582105263157895024e+03
1.199027027027026904e+00,1.920369466145833426e-01,6.844075520833332871e-02,7.395222981770833703e-01,5.600526315789473301e+03
1.206033033033032886e+00,1.897786458333333426e-01,6.892903645833332871e-02,7.412923177083333703e-01,5.620368421052631675e+03
1.213039039039038869e+00,1.926676432291666574e-01,6.376139322916667129e-02,7.435709635416666297e-01,5.638684210526315837e+03
1.220045045045044851e+00,1.886393229166666574e-01,6.363932291666667129e-02,7.477213541666666297e-01,5.658052631578947512e+03
1.227051051051050834e+00,1.900838216145833426e-01,6.703694661458332871e-02,7.428792317708333703e-01,5.677210526315789139e+03
1.234057057057057039e+00,1.880696614583333426e-01,6.306966145833332871e-02,7.488606770833333703e-01,5.695789473684210861e+03
1.241063063063063021e+00,1.876627604166666574e-01,6.608072916666667129e-02,7.462565104166666297e-01,5.714842105263157464e+03
1.248069069069069004e+00,1.879069010416666574e-01,6.486002604166667129e-02,7.472330729166666297e-01,5.735052631578947512e+03
1.255075075075074986e+00,1.880900065104166574e-01,6.992594401041667129e-02,7.419840494791666297e-01,5.754157894736842536e+03
1.262081081081080969e+00,2.334798177083333426e-01,1.040852864583333287e-01,6.624348958333333703e-01,5.780210526315789139e+03
1.269087087087086951e+00,2.257486979166666574e-01,1.103922526041666713e-01,6.638590494791666297e-01,5.797789473684210861e+03
1.276093093093092934e+00,2.223103841145833426e-01,1.178181966145833287e-01,6.598714192708333703e-01,5.817684210526315837e+03
1.283099099099098916e+00,2.294514973958333426e-01,1.259358723958333426e-01,6.446126302083333703e-01,5.838421052631579187e+03
1.290105105105104899e+00,2.042643229166666574e-01,1.671549479166666574e-01,6.285807291666666297e-01,5.854842105263157464e+03
1.297111111111111104e+00,2.357381184895833426e-01,1.361897786458333426e-01,6.280721028645833703e-01,5.873157894736842536e+03
1.304117117117117086e+00,2.333577473958333426e-01,1.412556966145833426e-01,6.253865559895833703e-01,5.889526315789473301e+03
1.311123123123123069e+00,2.315470377604166574e-01,1.425882975260416574e-01,6.258646647135416297e-01,5.905842105263157464e+03
1.318129129129129051e+00,2.079264322916666574e-01,1.667887369791666574e-01,6.252848307291666297e-01,5.921526315789473301e+03
1.325135135135135034e+00,2.370198567708333426e-01,1.452229817708333426e-01,6.177571614583333703e-01,5.935736842105263349e+03
1.332141141141141016e+00,2.383626302083333426e-01,1.457112630208333426e-01,6.159261067708333703e-01,5.954000000000000000e+03
1.339147147147146999e+00,2.355143229166666574e-01,1.457926432291666574e-01,6.186930338541666297e-01,5.971052631578947512e+03
1.346153153153152982e+00,2.356770833333333426e-01,1.448567708333333426e-01,6.194661458333333703e-01,5.989684210526315837e+03
1.353159159159158964e+00,2.218831380208333426e-01,1.595662434895833426e-01,6.185506184895833703e-01,6.005526315789473301e+03
1.360165165165164947e+00,2.233072916666666574e-01,1.764322916666666574e-01,6.002604166666666297e-01,6.023263157894736651e+03
1.367171171171171151e+00,2.132975260416666574e-01,2.137858072916666574e-01,5.729166666666666297e-01,6.041105263157895024e+03
1.374177177177177134e+00,2.142740885416666574e-01,1.661478678385416574e-01,6.195780436197916297e-01,6.055947368421052488e+03
1.381183183183183116e+00,2.262166341145833426e-01,2.033284505208333426e-01,5.704549153645833703e-01,6.070842105263157464e+03
1.388189189189189099e+00,1.947835286458333426e-01,1.845296223958333426e-01,6.206868489583333703e-01,6.088526315789473301e+03
1.395195195195195081e+00,2.289632161458333426e-01,2.076009114583333426e-01,5.634358723958333703e-01,6.100105263157895024e+03
1.402201201201201064e+00,2.298177083333333426e-01,1.966145833333333426e-01,5.735677083333333703e-01,6.116684210526315837e+03
1.409207207207207047e+00,2.319539388020833426e-01,2.031758626302083426e-01,5.648701985677083703e-01,6.131631578947368325e+03
1.416213213213213029e+00,2.396138509114583426e-01,1.933034261067708426e-01,5.670827229817708703e-01,6.147052631578947512e+03
1.423219219219219012e+00,2.474568684895833426e-01,1.887715657552083426e-01,5.637715657552083703e-01,6.162526315789473301e+03
1.430225225225225216e+00,2.448323567708333426e-01,1.883748372395833426e-01,5.667928059895833703e-01,6.177157894736842536e+03
1.437231231231231199e+00,2.109578450520833426e-01,1.989034016927083426e-01,5.901387532552083703e-01,6.191105263157895024e+03
1.444237237237237181e+00,2.117411295572916574e-01,1.965433756510416574e-01,5.917154947916666297e-01,6.206210526315789139e+03
1.451243243243243164e+00,1.885579427083333426e-01,2.178548177083333426e-01,5.935872395833333703e-01,6.221578947368420813e+03
1.458249249249249146e+00,2.160237630208333426e-01,1.929524739583333426e-01,5.910237630208333703e-01,6.235263157894736651e+03
1.465255255255255129e+00,2.083333333333333426e-01,1.946614583333333426e-01,5.970052083333333703e-01,6.250052631578947512e+03
1.472261261261261112e+00,1.918538411458333426e-01,2.087605794270833426e-01,5.993855794270833703e-01,6.263368421052631675e+03
1.479267267267267094e+00,1.927897135416666574e-01,2.043253580729166574e-01,6.028849283854166297e-01,6.276894736842104976e+03
1.486273273273273077e+00,1.985575358072916574e-01,1.978556315104166574e-01,6.035868326822916297e-01,6.291736842105263349e+03
1.493279279279279059e+00,2.283121744791666574e-01,1.977945963541666574e-01,5.738932291666666297e-01,6.307263157894736651e+03
1.500285285285285264e+00,2.317708333333333426e-01,1.964925130208333426e-01,5.717366536458333703e-01,6.321368421052631675e+03
1.507291291291291246e+00,2.447102864583333426e-01,1.979573567708333426e-01,5.573323567708333703e-01,6.335789473684210861e+03
1.514297297297297229e+00,2.371419270833333426e-01,2.090657552083333426e-01,5.537923177083333703e-01,6.349421052631579187e+03
1.521303303303303212e+00,2.290852864583333426e-01,2.139485677083333426e-01,5.569661458333333703e-01,6.364105263157895024e+03
1.528309309309309194e+00,2.394205729166666574e-01,2.084147135416666574e-01,5.521647135416666297e-01,6.377842105263157464e+03
1.535315315315315177e+00,2.395833333333333426e-01,2.081502278645833426e-01,5.522664388020833703e-01,6.390105263157895024e+03
1.542321321321321159e+00,2.272542317708333426e-01,2.266438802083333426e-01,5.461018880208333703e-01,6.402105263157895024e+03
1.549327327327327142e+00,2.291666666666666574e-01,2.272135416666666574e-01,5.436197916666666297e-01,6.416000000000000000e+03
1.556333333333333124e+00,2.272135416666666574e-01,2.281901041666666574e-01,5.445963541666666297e-01,6.430052631578947512e+03
1.563339339339339329e+00,2.274373372395833426e-01,2.300618489583333426e-01,5.425008138020833703e-01,6.442842105263157464e+03
1.570345345345345311e+00,2.311808268229166574e-01,2.320963541666666574e-01,5.367228190104166297e-01,6.456157894736842536e+03
1.577351351351351294e+00,2.248738606770833426e-01,2.230733235677083426e-01,5.520528157552083703e-01,6.470578947368420813e+03
1.584357357357357277e+00,2.228190104166666574e-01,2.223307291666666574e-01,5.548502604166666297e-01,6.484263157894736651e+03
1.591363363363363259e+00,2.223409016927083426e-01,2.295277913411458426e-01,5.481313069661458703e-01,6.497263157894736651e+03
1.598369369369369242e+00,2.316080729166666574e-01,2.286783854166666574e-01,5.397135416666666297e-01,6.510684210526315837e+03
1.605375375375375224e+00,2.310384114583333426e-01,2.281087239583333426e-01,5.408528645833333703e-01,6.524105263157895024e+03
1.612381381381381207e+00,2.227071126302083426e-01,2.239278157552083426e-01,5.533650716145833703e-01,6.536789473684210861e+03
1.619387387387387189e+00,2.283833821614583426e-01,2.238210042317708426e-01,5.477956136067708703e-01,6.549000000000000000e+03
1.626393393393393172e+00,2.267252604166666574e-01,2.255045572916666574e-01,5.477701822916666297e-01,6.561947368421052488e+03
1.633399399399399377e+00,2.306315104166666574e-01,2.189127604166666574e-01,5.504557291666666297e-01,6.575000000000000000e+03
1.640405405405405359e+00,2.270914713541666574e-01,2.224527994791666574e-01,5.504557291666666297e-01,6.589263157894736651e+03
1.647411411411411342e+00,2.194417317708333426e-01,2.222493489583333426e-01,5.583089192708333703e-01,6.602736842105263349e+03
1.654417417417417324e+00,2.220052083333333426e-01,2.256673177083333426e-01,5.523274739583333703e-01,6.616315789473684163e+03
1.661423423423423307e+00,2.302652994791666574e-01,2.130533854166666574e-01,5.566813151041666297e-01,6.630368421052631675e+03
1.668429429429429289e+00,2.065022786458333426e-01,2.341512044270833426e-01,5.593465169270833703e-01,6.642000000000000000e+03
1.675435435435435272e+00,2.095133463541666574e-01,2.389322916666666574e-01,5.515543619791666297e-01,6.655473684210526699e+03
1.682441441441441254e+00,2.058919270833333426e-01,2.388509114583333426e-01,5.552571614583333703e-01,6.668000000000000000e+03
1.689447447447447237e+00,2.063191731770833426e-01,2.366231282552083426e-01,5.570576985677083703e-01,6.681315789473684163e+03
1.696453453453453442e+00,2.063802083333333426e-01,2.375081380208333426e-01,5.561116536458333703e-01,6.693789473684210861e+03
1.703459459459459424e+00,2.057393391927083426e-01,2.365620930989583426e-01,5.576985677083333703e-01,6.707157894736842536e+03
1.710465465465465407e+00,1.983235677083333426e-01,2.442830403645833426e-01,5.573933919270833703e-01,6.720789473684210861e+03
1.717471471471471389e+00,2.003987630208333426e-01,2.397054036458333426e-01,5.598958333333333703e-01,6.733421052631579187e+03
1.724477477477477372e+00,1.901041666666666574e-01,2.486979166666666574e-01,5.611979166666666297e-01,6.746315789473684163e+03
1.731483483483483354e+00,1.924235026041666574e-01,2.631632486979166852e-01,5.444132486979166297e-01,6.758684210526315837e+03
1.738489489489489337e+00,2.244466145833333426e-01,2.703450520833333148e-01,5.052083333333333703e-01,6.771789473684210861e+03
1.745495495495495319e+00,2.233683268229166574e-01,2.500406901041666852e-01,5.265909830729166297e-01,6.782000000000000000e+03
1.752501501501501302e+00,2.256876627604166574e-01,2.502237955729166852e-01,5.240885416666666297e-01,6.793526315789473301e+03
1.759507507507507285e+00,2.239278157552083426e-01,2.517598470052083148e-01,5.243123372395833703e-01,6.806157894736842536e+03
1.766513513513513489e+00,2.293294270833333426e-01,2.537434895833333148e-01,5.169270833333333703e-01,6.818368421052631675e+03
1.773519519519519472e+00,2.308756510416666574e-01,2.510172526041666852e-01,5.181070963541666297e-01,6.830000000000000000e+03
1.780525525525525454e+00,2.371012369791666574e-01,2.528483072916666852e-01,5.100504557291666297e-01,6.842210526315789139e+03
1.787531531531531437e+00,2.458750406901041574e-01,2.503458658854166852e-01,5.037790934244791297e-01,6.854526315789473301e+03
1.794537537537537419e+00,2.410074869791666574e-01,2.544352213541666852e-01,5.045572916666666297e-01,6.867210526315789139e+03
1.801543543543543402e+00,2.122395833333333426e-01,2.702229817708333148e-01,5.175374348958333703e-01,6.878368421052631675e+03
1.808549549549549385e+00,2.185872395833333426e-01,2.715657552083333148e-01,5.098470052083333703e-01,6.890789473684210861e+03
1.815555555555555367e+00,2.395426432291666574e-01,2.548624674479166852e-01,5.055948893229166297e-01,6.901842105263157464e+03
1.822561561561561350e+00,2.400105794270833426e-01,2.544148763020833148e-01,5.055745442708333703e-01,6.914000000000000000e+03
1.829567567567567554e+00,2.398274739583333426e-01,2.551472981770833148e-01,5.050252278645833703e-01,6.926052631578947512e+03
1.836573573573573537e+00,2.223307291666666574e-01,2.560221354166666852e-01,5.216471354166666297e-01,6.937684210526315837e+03
1.843579579579579519e+00,2.187296549479166574e-01,2.578531901041666852e-01,5.234171549479166297e-01,6.949157894736842536e+03
1.850585585585585502e+00,2.307942708333333426e-01,2.628377278645833148e-01,5.063680013020833703e-01,6.961789473684210861e+03
1.857591591591591484e+00,2.331034342447916574e-01,2.619120279947916852e-01,5.049845377604166297e-01,6.972789473684210861e+03
1.864597597597597467e+00,2.298177083333333426e-01,2.639973958333333148e-01,5.061848958333333703e-01,6.984736842105263349e+03
1.871603603603603450e+00,2.337239583333333426e-01,2.639973958333333148e-01,5.022786458333333703e-01,6.995789473684210861e+03
1.878609609609609432e+00,2.327473958333333426e-01,2.585652669270833148e-01,5.086873372395833703e-01,7.007473684210526699e+03
1.885615615615615415e+00,2.397969563802083426e-01,2.601826985677083148e-01,5.000203450520833703e-01,7.016631578947368325e+03
1.892621621621621397e+00,2.410685221354166574e-01,2.588907877604166852e-01,5.000406901041666297e-01,7.028315789473684163e+03
1.899627627627627602e+00,2.406819661458333426e-01,2.556355794270833148e-01,5.036824544270833703e-01,7.040631578947368325e+03
1.906633633633633584e+00,2.415364583333333426e-01,2.569173177083333148e-01,5.015462239583333703e-01,7.051210526315789139e+03
1.913639639639639567e+00,2.312825520833333426e-01,2.669270833333333148e-01,5.017903645833333703e-01,7.061157894736842536e+03
1.920645645645645549e+00,2.307942708333333426e-01,2.666829427083333148e-01,5.025227864583333703e-01,7.071421052631579187e+03
1.927651651651651532e+00,2.316487630208333426e-01,2.668050130208333148e-01,5.015462239583333703e-01,7.082736842105263349e+03
1.934657657657657515e+00,2.233937581380208426e-01,2.671254475911458148e-01,5.094807942708333703e-01,7.093631578947368325e+03
1.941663663663663497e+00,2.244669596354166574e-01,2.674357096354166852e-01,5.080973307291666297e-01,7.104157894736842536e+03
1.948669669669669480e+00,2.280476888020833426e-01,2.672322591145833148e-01,5.047200520833333703e-01,7.115368421052631675e+03
1.955675675675675462e+00,2.288411458333333426e-01,2.639973958333333148e-01,5.071614583333333703e-01,7.126315789473684163e+03
1.962681681681681667e+00,2.196451822916666574e-01,2.706705729166666852e-01,5.096842447916666297e-01,7.138000000000000000e+03
1.969687687687687649e+00,2.328084309895833426e-01,2.659810384114583148e-01,5.012105305989583703e-01,7.147789473684210861e+03
1.976693693693693632e+00,2.062174479166666574e-01,2.874552408854166852e-01,5.063273111979166297e-01,7.157157894736842536e+03
1.983699699699699615e+00,2.187906901041666574e-01,2.811075846354166852e-01,5.001017252604166297e-01,7.168789473684210861e+03
1.990705705705705597e+00,2.251993815104166574e-01,2.731119791666666852e-01,5.016886393229166297e-01,7.178157894736842536e+03
1.997711711711711580e+00,2.317301432291666574e-01,2.669474283854166852e-01,5.013224283854166297e-01,7.187842105263157464e+03
2.004717717717717562e+00,2.084757486979166574e-01,2.868754069010416852e-01,5.046488444010416297e-01,7.199000000000000000e+03
2.011723723723723545e+00,2.081807454427083426e-01,2.870076497395833148e-01,5.048116048177083703e-01,7.209105263157895024e+03
2.018729729729729527e+00,2.285054524739583426e-01,2.662862141927083148e-01,5.052083333333333703e-01,7.217052631578947512e+03
2.025735735735735510e+00,2.312825520833333426e-01,2.666829427083333148e-01,5.020345052083333703e-01,7.226894736842104976e+03
2.032741741741741492e+00,2.287190755208333426e-01,2.688802083333333148e-01,5.024007161458333703e-01,7.236894736842104976e+03
2.039747747747747475e+00,2.289225260416666574e-01,2.705485026041666852e-01,5.005289713541666297e-01,7.245157894736842536e+03
2.046753753753753458e+00,2.220052083333333426e-01,2.737630208333333148e-01,5.042317708333333703e-01,7.256684210526315837e+03
2.053759759759759440e+00,2.233479817708333426e-01,2.730305989583333148e-01,5.036214192708333703e-01,7.266526315789473301e+03
2.060765765765765867e+00,2.299397786458333426e-01,2.680257161458333148e-01,5.020345052083333703e-01,7.276736842105263349e+03
2.067771771771771849e+00,2.170003255208333426e-01,2.777303059895833148e-01,5.052693684895833703e-01,7.288631578947368325e+03
2.074777777777777832e+00,2.180989583333333426e-01,2.815755208333333148e-01,5.003255208333333703e-01,7.298947368421052488e+03
2.081783783783783814e+00,2.083333333333333426e-01,2.903645833333333148e-01,5.013020833333333703e-01,7.308684210526315837e+03
2.088789789789789797e+00,2.173258463541666574e-01,2.826334635416666852e-01,5.000406901041666297e-01,7.317526315789473301e+03
2.095795795795795780e+00,2.143147786458333426e-01,2.854207356770833148e-01,5.002644856770833703e-01,7.327052631578947512e+03
2.102801801801801762e+00,2.141520182291666574e-01,2.850748697916666852e-01,5.007731119791666297e-01,7.337578947368420813e+03
2.109807807807807745e+00,2.173665364583333426e-01,2.815755208333333148e-01,5.010579427083333703e-01,7.348157894736842536e+03
2.116813813813813727e+00,2.128092447916666574e-01,2.867838541666666852e-01,5.004069010416666297e-01,7.358000000000000000e+03
2.123819819819819710e+00,2.173665364583333426e-01,2.814534505208333148e-01,5.011800130208333703e-01,7.367368421052631675e+03
2.130825825825825692e+00,2.133687337239583426e-01,2.861531575520833148e-01,5.004781087239583703e-01,7.376000000000000000e+03
2.137831831831831675e+00,2.135416666666666574e-01,2.838541666666666852e-01,5.026041666666666297e-01,7.385526315789473301e+03
2.144837837837837657e+00,2.174275716145833426e-01,2.825520833333333148e-01,5.000203450520833703e-01,7.393157894736842536e+03
2.151843843843843640e+00,2.173665364583333426e-01,2.824300130208333148e-01,5.002034505208333703e-01,7.403105263157895024e+03
2.158849849849849623e+00,2.154134114583333426e-01,2.844136555989583148e-01,5.001729329427083703e-01,7.412105263157895024e+03
2.165855855855855605e+00,2.155558268229166574e-01,2.837931315104166852e-01,5.006510416666666297e-01,7.422105263157895024e+03
2.172861861861861588e+00,2.086995442708333426e-01,2.912190755208333148e-01,5.000813802083333703e-01,7.431052631578947512e+03
2.179867867867867570e+00,2.076009114583333426e-01,2.923177083333333148e-01,5.000813802083333703e-01,7.439842105263157464e+03
2.186873873873873553e+00,2.086588541666666574e-01,2.906901041666666852e-01,5.006510416666666297e-01,7.449894736842104976e+03
2.193879879879879979e+00,2.076822916666666574e-01,2.916666666666666852e-01,5.006510416666666297e-01,7.459842105263157464e+03
2.200885885885885962e+00,2.060953776041666574e-01,2.920328776041666852e-01,5.018717447916666297e-01,7.469894736842104976e+03
2.207891891891891945e+00,2.176106770833333426e-01,2.820638020833333148e-01,5.003255208333333703e-01,7.479421052631579187e+03
2.214897897897897927e+00,2.165730794270833426e-01,2.827962239583333148e-01,5.006306966145833703e-01,7.488947368421052488e+03
2.221903903903903910e+00,2.137247721354166574e-01,2.855326334635416852e-01,5.007425944010416297e-01,7.498526315789473301e+03
2.228909909909909892e+00,2.174479166666666574e-01,2.819010416666666852e-01,5.006510416666666297e-01,7.507684210526315837e+03
