# time,semantic,grammar,climb,minimum
1.000000000000000021e-03,2.494710286458333426e-01,2.034505208333333220e-05,7.505086263020833703e-01,2.523633333333333212e+03
8.006006006006005996e-03,2.480875651041666574e-01,1.017252604166666610e-05,7.519022623697916297e-01,2.532033333333333303e+03
1.501201201201201110e-02,1.930948893229166574e-01,1.017252604166666610e-05,8.068949381510416297e-01,2.529400000000000091e+03
2.201801801801801795e-02,1.886393229166666574e-01,1.627604166666666576e-04,8.111979166666666297e-01,2.529733333333333121e+03
2.902402402402402479e-02,1.995442708333333426e-01,8.138020833333332882e-05,8.003743489583333703e-01,2.533500000000000000e+03
3.603003003003003163e-02,2.367146809895833426e-01,2.950032552083333153e-04,7.629903157552083703e-01,2.530933333333333394e+03
4.303603603603603500e-02,2.345377604166666574e-01,4.069010416666666441e-05,7.654215494791666297e-01,2.509500000000000000e+03
5.004204204204204531e-02,2.141927083333333426e-01,8.138020833333332882e-05,7.857259114583333703e-01,2.514566666666666606e+03
5.704804804804804869e-02,2.488606770833333426e-01,5.696614583333333695e-04,7.505696614583333703e-01,2.525366666666666788e+03
6.405405405405405206e-02,2.303059895833333426e-01,8.138020833333332882e-05,7.696126302083333703e-01,2.528566666666666606e+03
7.106006006006006237e-02,2.309977213541666574e-01,4.069010416666666441e-05,7.689615885416666297e-01,2.525633333333333212e+03
7.806606606606607268e-02,2.344563802083333426e-01,8.138020833333332882e-05,7.654622395833333703e-01,2.525666666666666515e+03
8.507207207207206912e-02,2.168375651041666574e-01,4.069010416666666441e-05,7.831217447916666297e-01,2.529800000000000182e+03
9.207807807807807943e-02,2.112223307291666574e-01,1.017252604166666610e-05,7.887674967447916297e-01,2.540466666666666697e+03
9.908408408408408974e-02,2.258326212565104074e-01,2.543131510416666525e-06,7.741648356119791297e-01,2.555966666666666697e+03
1.060900900900900862e-01,2.484232584635416574e-01,2.543131510416666525e-06,7.515741984049478797e-01,2.574133333333333212e+03
1.130960960960960965e-01,2.498982747395833426e-01,5.086263020833333051e-06,7.500966389973958703e-01,2.590566666666666606e+03
1.201021021021021068e-01,2.443440755208333426e-01,2.034505208333333220e-05,7.556355794270833703e-01,2.609199999999999818e+03
1.271081081081081032e-01,2.450968424479166574e-01,1.017252604166666610e-05,7.548929850260416297e-01,2.626833333333333485e+03
1.341141141141141135e-01,2.499593098958333426e-01,2.034505208333333220e-05,7.500203450520833703e-01,2.646599999999999909e+03
1.411201201201201239e-01,2.497151692708333426e-01,2.034505208333333220e-05,7.502644856770833703e-01,2.662733333333333121e+03
1.481261261261261342e-01,2.497965494791666574e-01,4.069010416666666441e-05,7.501627604166666297e-01,2.680866666666666788e+03
1.551321321321321445e-01,2.499898274739583426e-01,5.086263020833333051e-06,7.500050862630208703e-01,2.697599999999999909e+03
1.621381381381381270e-01,2.491861979166666574e-01,1.627604166666666576e-04,7.506510416666666297e-01,2.713366666666666788e+03
1.691441441441441373e-01,2.482096354166666574e-01,1.017252604166666610e-05,7.517801920572916297e-01,2.729433333333333394e+03
1.761501501501501477e-01,2.499593098958333426e-01,2.034505208333333220e-05,7.500203450520833703e-01,2.741833333333333485e+03
1.831561561561561580e-01,2.493489583333333426e-01,8.138020833333332882e-05,7.505696614583333703e-01,2.755433333333333394e+03
1.901621621621621683e-01,2.499186197916666574e-01,4.069010416666666441e-05,7.500406901041666297e-01,2.767599999999999909e+03
1.971681681681681786e-01,2.499186197916666574e-01,4.069010416666666441e-05,7.500406901041666297e-01,2.777300000000000182e+03
2.041741741741741611e-01,2.497355143229166574e-01,1.017252604166666610e-05,7.502543131510416297e-01,2.785766666666666879e+03
2.111801801801801715e-01,2.492167154947916574e-01,2.543131510416666780e-05,7.507578531901041297e-01,2.795633333333333212e+03
2.181861861861861818e-01,2.499796549479166574e-01,1.017252604166666610e-05,7.500101725260416297e-01,2.810233333333333121e+03
2.251921921921921921e-01,2.499186197916666574e-01,4.069010416666666441e-05,7.500406901041666297e-01,2.821599999999999909e+03
2.321981981981982024e-01,2.499186197916666574e-01,4.069010416666666441e-05,7.500406901041666297e-01,2.833166666666666515e+03
2.392042042042042127e-01,2.497965494791666574e-01,1.017252604166666610e-05,7.501932779947916297e-01,2.843099999999999909e+03
2.462102102102102230e-01,2.498830159505208426e-01,5.086263020833333051e-06,7.501118977864583703e-01,2.854099999999999909e+03
2.532162162162162056e-01,2.499186197916666574e-01,4.069010416666666441e-05,7.500406901041666297e-01,2.869033333333333303e+03
2.602222222222222436e-01,2.493489583333333426e-01,2.034505208333333220e-05,7.506306966145833703e-01,2.883300000000000182e+03
2.672282282282282262e-01,2.496744791666666574e-01,4.069010416666666441e-05,7.502848307291666297e-01,2.897133333333333212e+03
2.742342342342342087e-01,4.982503255208333148e-01,2.034505208333333220e-05,5.017293294270833703e-01,2.858199999999999818e+03
2.812402402402402468e-01,4.989827473958333148e-01,2.034505208333333220e-05,5.009969075520833703e-01,2.871300000000000182e+03
2.882462462462462294e-01,4.940388997395833148e-01,2.034505208333333220e-05,5.059407552083333703e-01,2.883300000000000182e+03
2.952522522522522674e-01,4.990132649739583148e-01,5.086263020833333051e-06,5.009816487630208703e-01,2.895466666666666697e+03
3.022582582582582500e-01,4.991556803385416852e-01,1.017252604166666610e-05,5.008341471354166297e-01,2.906233333333333121e+03
3.092642642642642881e-01,4.960123697916666852e-01,4.069010416666666441e-05,5.039469401041666297e-01,2.922266666666666879e+03
3.162702702702702706e-01,4.997965494791666852e-01,4.069010416666666441e-05,5.001627604166666297e-01,2.935733333333333121e+03
3.232762762762762532e-01,4.828287760416666852e-01,1.017252604166666610e-05,5.171610514322916297e-01,2.951933333333333394e+03
3.302822822822822912e-01,4.999593098958333148e-01,2.034505208333333220e-05,5.000203450520833703e-01,2.966400000000000091e+03
3.372882882882882738e-01,4.994710286458333148e-01,2.034505208333333220e-05,5.005086263020833703e-01,2.979433333333333394e+03
3.442942942942943119e-01,4.999593098958333148e-01,2.034505208333333220e-05,5.000203450520833703e-01,2.993500000000000000e+03
3.513003003003002944e-01,4.989420572916666852e-01,4.069010416666666441e-05,5.010172526041666297e-01,3.008033333333333303e+03
3.583063063063063325e-01,4.993082682291666852e-01,4.069010416666666441e-05,5.006510416666666297e-01,3.022599999999999909e+03
3.653123123123123150e-01,4.997049967447916852e-01,1.017252604166666610e-05,5.002848307291666297e-01,3.036566666666666606e+03
3.723183183183182976e-01,4.990641276041666852e-01,4.069010416666666441e-05,5.008951822916666297e-01,3.052366666666666788e+03
3.793243243243243357e-01,4.999593098958333148e-01,2.034505208333333220e-05,5.000203450520833703e-01,3.066933333333333394e+03
3.863303303303303182e-01,4.944254557291666852e-01,1.017252604166666610e-05,5.055643717447916297e-01,3.081000000000000000e+03
3.933363363363363563e-01,4.990030924479166852e-01,1.017252604166666610e-05,5.009867350260416297e-01,3.095400000000000091e+03
4.003423423423423388e-01,4.999186197916666852e-01,4.069010416666666441e-05,5.000406901041666297e-01,3.108599999999999909e+03
4.073483483483483214e-01,4.997965494791666852e-01,4.069010416666666441e-05,5.001627604166666297e-01,3.122500000000000000e+03
4.143543543543543595e-01,4.985758463541666852e-01,4.069010416666666441e-05,5.013834635416666297e-01,3.135766666666666879e+03
4.213603603603603420e-01,4.999593098958333148e-01,2.034505208333333220e-05,5.000203450520833703e-01,3.149033333333333303e+03
4.283663663663663801e-01,4.999796549479166852e-01,1.017252604166666610e-05,5.000101725260416297e-01,3.163766666666666879e+03
4.353723723723723626e-01,4.969889322916666852e-01,4.069010416666666441e-05,5.029703776041666297e-01,3.178900000000000091e+03
4.423783783783784007e-01,4.997660319010416852e-01,1.017252604166666610e-05,5.002237955729166297e-01,3.192266666666666879e+03
4.493843843843843833e-01,4.960530598958333148e-01,2.034505208333333220e-05,5.039265950520833703e-01,3.205900000000000091e+03
4.563903903903903658e-01,4.997762044270833148e-01,2.034505208333333220e-05,5.002034505208333703e-01,3.219766666666666879e+03
4.633963963963964039e-01,4.999593098958333148e-01,2.034505208333333220e-05,5.000203450520833703e-01,3.233433333333333394e+03
4.704024024024023864e-01,4.982096354166666852e-01,4.069010416666666441e-05,5.017496744791666297e-01,3.246500000000000000e+03
4.774084084084084245e-01,4.993693033854166852e-01,1.017252604166666610e-05,5.006205240885416297e-01,3.259633333333333212e+03
4.844144144144144071e-01,4.979654947916666852e-01,4.069010416666666441e-05,5.019938151041666297e-01,3.271066666666666606e+03
4.914204204204204451e-01,4.988199869791666852e-01,4.069010416666666441e-05,5.011393229166666297e-01,3.283633333333333212e+03
4.984264264264264277e-01,4.999593098958333148e-01,2.034505208333333220e-05,5.000203450520833703e-01,3.297800000000000182e+03
5.054324324324324103e-01,4.998677571614583148e-01,1.118977864583333288e-04,5.000203450520833703e-01,3.313266666666666879e+03
5.124384384384383928e-01,4.995930989583333148e-01,8.138020833333332882e-05,5.003255208333333703e-01,3.326366666666666788e+03
5.194444444444444864e-01,4.999796549479166852e-01,1.017252604166666610e-05,5.000101725260416297e-01,3.339033333333333303e+03
5.264504504504504689e-01,4.993489583333333148e-01,8.138020833333332882e-05,5.005696614583333703e-01,3.351766666666666879e+03
5.334564564564564515e-01,4.999796549479166852e-01,1.017252604166666610e-05,5.000101725260416297e-01,3.364866666666666788e+03
5.404624624624624341e-01,4.998881022135416852e-01,1.017252604166666610e-05,5.001017252604166297e-01,3.379566666666666606e+03
5.474684684684684166e-01,4.999593098958333148e-01,2.034505208333333220e-05,5.000203450520833703e-01,3.392766666666666879e+03
5.544744744744745102e-01,4.991861979166666852e-01,1.627604166666666576e-04,5.006510416666666297e-01,3.405333333333333485e+03
5.614804804804804927e-01,4.993489583333333148e-01,8.138020833333332882e-05,5.005696614583333703e-01,3.419199999999999818e+03
5.684864864864864753e-01,4.999593098958333148e-01,2.034505208333333220e-05,5.000203450520833703e-01,3.431833333333333485e+03
5.754924924924924579e-01,4.999796549479166852e-01,1.017252604166666610e-05,5.000101725260416297e-01,3.444566666666666606e+03
5.824984984984985514e-01,4.994710286458333148e-01,2.034505208333333220e-05,5.005086263020833703e-01,3.458666666666666515e+03
5.895045045045045340e-01,4.998372395833333148e-01,8.138020833333332882e-05,5.000813802083333703e-01,3.472000000000000000e+03
5.965105105105105165e-01,4.998372395833333148e-01,8.138020833333332882e-05,5.000813802083333703e-01,3.485433333333333394e+03
6.035165165165164991e-01,4.999593098958333148e-01,2.034505208333333220e-05,5.000203450520833703e-01,3.499099999999999909e+03
6.105225225225224817e-01,4.999186197916666852e-01,4.069010416666666441e-05,5.000406901041666297e-01,3.513866666666666788e+03
6.175285285285285752e-01,4.993489583333333148e-01,8.138020833333332882e-05,5.005696614583333703e-01,3.527900000000000091e+03
6.245345345345345578e-01,4.999491373697916852e-01,1.017252604166666610e-05,5.000406901041666297e-01,3.541466666666666697e+03
6.315405405405405403e-01,4.995930989583333148e-01,8.138020833333332882e-05,5.003255208333333703e-01,3.555666666666666515e+03
6.385465465465465229e-01,4.999593098958333148e-01,2.034505208333333220e-05,5.000203450520833703e-01,3.569166666666666515e+03
6.455525525525525055e-01,4.998372395833333148e-01,8.138020833333332882e-05,5.000813802083333703e-01,3.581966666666666697e+03
6.525585585585585990e-01,4.997456868489583148e-01,2.034505208333333220e-05,5.002339680989583703e-01,3.596066666666666606e+03
6.595645645645645816e-01,4.983927408854166852e-01,3.153483072916666847e-04,5.012919108072916297e-01,3.608433333333333394e+03
6.665705705705705642e-01,4.999491373697916852e-01,1.017252604166666610e-05,5.000406901041666297e-01,3.619966666666666697e+03
6.735765765765765467e-01,4.996744791666666852e-01,1.627604166666666576e-04,5.001627604166666297e-01,3.633599999999999909e+03
6.805825825825825293e-01,4.987589518229166852e-01,1.017252604166666610e-05,5.012308756510416297e-01,3.647666666666666515e+03
6.875885885885886228e-01,4.999186197916666852e-01,4.069010416666666441e-05,5.000406901041666297e-01,3.662533333333333303e+03
6.945945945945946054e-01,4.999186197916666852e-01,4.069010416666666441e-05,5.000406901041666297e-01,3.675800000000000182e+03
7.016006006006005880e-01,4.993489583333333148e-01,8.138020833333332882e-05,5.005696614583333703e-01,3.691333333333333485e+03
7.086066066066065705e-01,4.998881022135416852e-01,1.017252604166666610e-05,5.001017252604166297e-01,3.705599999999999909e+03
7.156126126126126641e-01,4.999593098958333148e-01,2.034505208333333220e-05,5.000203450520833703e-01,3.719633333333333212e+03
7.226186186186186466e-01,4.998982747395833148e-01,2.034505208333333220e-05,5.000813802083333703e-01,3.734833333333333485e+03
7.296246246246246292e-01,4.999593098958333148e-01,2.034505208333333220e-05,5.000203450520833703e-01,3.750300000000000182e+03
7.366306306306306118e-01,4.999287923177083148e-01,5.086263020833333051e-06,5.000661214192708703e-01,3.765333333333333485e+03
7.436366366366365943e-01,4.999593098958333148e-01,2.034505208333333220e-05,5.000203450520833703e-01,3.779733333333333121e+03
7.506426426426426879e-01,4.999186197916666852e-01,4.069010416666666441e-05,5.000406901041666297e-01,3.795500000000000000e+03
7.576486486486486704e-01,4.992268880208333148e-01,1.424153645833333424e-04,5.006306966145833703e-01,3.810433333333333394e+03
7.646546546546546530e-01,4.998575846354166852e-01,1.017252604166666610e-05,5.001322428385416297e-01,3.823433333333333394e+03
7.716606606606606356e-01,4.997762044270833148e-01,2.034505208333333220e-05,5.002034505208333703e-01,3.836800000000000182e+03
7.786666666666666181e-01,4.991658528645833148e-01,1.729329427083333424e-04,5.006612141927083703e-01,3.851933333333333394e+03
7.856726726726727117e-01,4.999186197916666852e-01,7.120768229166667118e-05,5.000101725260416297e-01,3.864000000000000000e+03
7.926786786786786942e-01,4.999593098958333148e-01,2.034505208333333220e-05,5.000203450520833703e-01,3.876966666666666697e+03
7.996846846846846768e-01,4.999796549479166852e-01,1.017252604166666610e-05,5.000101725260416297e-01,3.890966666666666697e+03
8.066906906906906594e-01,4.999593098958333148e-01,5.086263020833333051e-06,5.000356038411458703e-01,3.905566666666666606e+03
8.136966966966966419e-01,4.997914632161458148e-01,5.086263020833333051e-06,5.002034505208333703e-01,3.919000000000000000e+03
8.207027027027027355e-01,4.998372395833333148e-01,2.034505208333333220e-05,5.001424153645833703e-01,3.931566666666666606e+03
8.277087087087087180e-01,4.999593098958333148e-01,2.034505208333333220e-05,5.000203450520833703e-01,3.944300000000000182e+03
8.347147147147147006e-01,4.999898274739583148e-01,5.086263020833333051e-06,5.000050862630208703e-01,3.957733333333333121e+03
8.417207207207206832e-01,4.998982747395833148e-01,2.034505208333333220e-05,5.000813802083333703e-01,3.971800000000000182e+03
8.487267267267267767e-01,4.997762044270833148e-01,2.034505208333333220e-05,5.002034505208333703e-01,3.986400000000000091e+03
8.557327327327327593e-01,4.995524088541666852e-01,1.017252604166666610e-05,5.004374186197916297e-01,3.997800000000000182e+03
8.627387387387387419e-01,4.998372395833333148e-01,8.138020833333332882e-05,5.000813802083333703e-01,4.010966666666666697e+03
8.697447447447447244e-01,4.989420572916666852e-01,4.069010416666666441e-05,5.010172526041666297e-01,4.024833333333333485e+03
8.767507507507507070e-01,4.996744791666666852e-01,1.017252604166666610e-05,5.003153483072916297e-01,4.038699999999999818e+03
8.837567567567568005e-01,4.999593098958333148e-01,2.034505208333333220e-05,5.000203450520833703e-01,4.052533333333333303e+03
8.907627627627627831e-01,4.998982747395833148e-01,8.138020833333332882e-05,5.000203450520833703e-01,4.066866666666666788e+03
8.977687687687687657e-01,4.999186197916666852e-01,4.069010416666666441e-05,5.000406901041666297e-01,4.079666666666666515e+03
9.047747747747747482e-01,4.999593098958333148e-01,2.034505208333333220e-05,5.000203450520833703e-01,4.094199999999999818e+03
9.117807807807807308e-01,4.998982747395833148e-01,2.034505208333333220e-05,5.000813802083333703e-01,4.107500000000000000e+03
9.187867867867868243e-01,4.991658528645833148e-01,5.086263020833333051e-06,5.008290608723958703e-01,4.120300000000000182e+03
9.257927927927928069e-01,4.999186197916666852e-01,4.069010416666666441e-05,5.000406901041666297e-01,4.133600000000000364e+03
9.327987987987987895e-01,4.950764973958333148e-01,2.034505208333333220e-05,5.049031575520833703e-01,4.146600000000000364e+03
9.398048048048047720e-01,4.996846516927083148e-01,5.086263020833333051e-06,5.003102620442708703e-01,4.158600000000000364e+03
9.468108108108107546e-01,4.999593098958333148e-01,2.034505208333333220e-05,5.000203450520833703e-01,4.169933333333333394e+03
9.538168168168168481e-01,4.999593098958333148e-01,2.034505208333333220e-05,5.000203450520833703e-01,4.182633333333333212e+03
9.608228228228228307e-01,4.998982747395833148e-01,2.034505208333333220e-05,5.000813802083333703e-01,4.194333333333333030e+03
9.678288288288288133e-01,4.998982747395833148e-01,2.034505208333333220e-05,5.000813802083333703e-01,4.205766666666666424e+03
9.748348348348347958e-01,4.996744791666666852e-01,1.627604166666666576e-04,5.001627604166666297e-01,4.217666666666666970e+03
9.818408408408408894e-01,4.999186197916666852e-01,4.069010416666666441e-05,5.000406901041666297e-01,4.228866666666666788e+03
9.888468468468468719e-01,4.999898274739583148e-01,5.086263020833333051e-06,5.000050862630208703e-01,4.242433333333333394e+03
9.958528528528528545e-01,4.998372395833333148e-01,8.138020833333332882e-05,5.000813802083333703e-01,4.255199999999999818e+03
1.002858858858858726e+00,4.999796549479166852e-01,1.017252604166666610e-05,5.000101725260416297e-01,4.265800000000000182e+03
1.009864864864864709e+00,4.998372395833333148e-01,1.424153645833333424e-04,5.000203450520833703e-01,4.278133333333333212e+03
1.016870870870870691e+00,4.992167154947916852e-01,1.017252604166666610e-05,5.007731119791666297e-01,4.288800000000000182e+03
1.023876876876876674e+00,4.998270670572916852e-01,1.017252604166666610e-05,5.001627604166666297e-01,4.299933333333333394e+03
1.030882882882882878e+00,4.986775716145833148e-01,5.086263020833333559e-05,5.012715657552083703e-01,4.313500000000000000e+03
1.037888888888888861e+00,4.999593098958333148e-01,2.034505208333333220e-05,5.000203450520833703e-01,4.325333333333333030e+03
1.044894894894894843e+00,4.998372395833333148e-01,2.034505208333333220e-05,5.001424153645833703e-01,4.338466666666666242e+03
1.051900900900900826e+00,4.999898274739583148e-01,5.086263020833333051e-06,5.000050862630208703e-01,4.352199999999999818e+03
1.058906906906906809e+00,4.997151692708333148e-01,1.424153645833333424e-04,5.001424153645833703e-01,4.365600000000000364e+03
1.065912912912912791e+00,4.999593098958333148e-01,2.034505208333333220e-05,5.000203450520833703e-01,4.378933333333333394e+03
1.072918918918918774e+00,4.998372395833333148e-01,8.138020833333332882e-05,5.000813802083333703e-01,4.392333333333333030e+03
1.079924924924924756e+00,4.994303385416666852e-01,4.069010416666666441e-05,5.005289713541666297e-01,4.406500000000000000e+03
1.086930930930930739e+00,4.999440511067708148e-01,5.086263020833333051e-06,5.000508626302083703e-01,4.419033333333333758e+03
1.093936936936936721e+00,4.998372395833333148e-01,8.138020833333332882e-05,5.000813802083333703e-01,4.431366666666666788e+03
1.100942942942942926e+00,4.999821980794270648e-01,1.271565755208333263e-06,5.000165303548177453e-01,4.444000000000000000e+03
1.107948948948948908e+00,4.997355143229166852e-01,4.069010416666666441e-05,5.002237955729166297e-01,4.457233333333333576e+03
1.114954954954954891e+00,4.999186197916666852e-01,4.069010416666666441e-05,5.000406901041666297e-01,4.470000000000000000e+03
1.121960960960960874e+00,4.999186197916666852e-01,4.069010416666666441e-05,5.000406901041666297e-01,4.481233333333333576e+03
1.128966966966966856e+00,4.999186197916666852e-01,4.069010416666666441e-05,5.000406901041666297e-01,4.492766666666666424e+03
1.135972972972972839e+00,4.999186197916666852e-01,1.017252604166666610e-05,5.000712076822916297e-01,4.505733333333333576e+03
1.142978978978978821e+00,4.999796549479166852e-01,1.017252604166666610e-05,5.000101725260416297e-01,4.519433333333333394e+03
1.149984984984984804e+00,4.996744791666666852e-01,2.848307291666666847e-04,5.000406901041666297e-01,4.532000000000000000e+03
1.156990990990990786e+00,4.999593098958333148e-01,2.034505208333333220e-05,5.000203450520833703e-01,4.543699999999999818e+03
1.163996996996996991e+00,4.999796549479166852e-01,1.017252604166666610e-05,5.000101725260416297e-01,4.557100000000000364e+03
1.171003003003002974e+00,4.998270670572916852e-01,1.017252604166666610e-05,5.001627604166666297e-01,4.570166666666666970e+03
1.178009009009008956e+00,4.998982747395833148e-01,2.034505208333333220e-05,5.000813802083333703e-01,4.584166666666666970e+03
1.185015015015014939e+00,4.998982747395833148e-01,2.034505208333333220e-05,5.000813802083333703e-01,4.596666666666666970e+03
1.192021021021020921e+00,4.999491373697916852e-01,1.017252604166666610e-05,5.000406901041666297e-01,4.610333333333333030e+03
1.199027027027026904e+00,4.993489583333333148e-01,8.138020833333332882e-05,5.005696614583333703e-01,4.624166666666666970e+03
1.206033033033032886e+00,4.999491373697916852e-01,1.017252604166666610e-05,5.000406901041666297e-01,4.637166666666666970e+03
1.213039039039038869e+00,4.998652140299479352e-01,2.543131510416666525e-06,5.001322428385416297e-01,4.650566666666666606e+03
1.220045045045044851e+00,4.994710286458333148e-01,5.086263020833333695e-04,5.000203450520833703e-01,4.664500000000000000e+03
1.227051051051050834e+00,4.998677571614583148e-01,1.118977864583333288e-04,5.000203450520833703e-01,4.677066666666666606e+03
1.234057057057057039e+00,4.996744791666666852e-01,1.627604166666666576e-04,5.001627604166666297e-01,4.690500000000000000e+03
1.241063063063063021e+00,4.991048177083333148e-01,8.138020833333332882e-05,5.008138020833333703e-01,4.702833333333333030e+03
1.248069069069069004e+00,4.999796549479166852e-01,1.017252604166666610e-05,5.000101725260416297e-01,4.715933333333333394e+03
1.255075075075074986e+00,4.995930989583333148e-01,2.034505208333333424e-04,5.002034505208333703e-01,4.729066666666666606e+03
1.262081081081080969e+00,4.997965494791666852e-01,1.017252604166666610e-05,5.001932779947916297e-01,4.742533333333333758e+03
1.269087087087086951e+00,4.995930989583333148e-01,8.138020833333332882e-05,5.003255208333333703e-01,4.755500000000000000e+03
1.276093093093092934e+00,4.999593098958333148e-01,2.034505208333333220e-05,5.000203450520833703e-01,4.768266666666666424e+03
1.283099099099098916e+00,4.993489583333333148e-01,1.424153645833333424e-04,5.005086263020833703e-01,4.780233333333333576e+03
1.290105105105104899e+00,4.998982747395833148e-01,2.034505208333333220e-05,5.000813802083333703e-01,4.793866666666666788e+03
1.297111111111111104e+00,4.999491373697916852e-01,1.017252604166666610e-05,5.000406901041666297e-01,4.808066666666666606e+03
1.304117117117117086e+00,4.997965494791666852e-01,4.069010416666666441e-05,5.001627604166666297e-01,4.823000000000000000e+03
1.311123123123123069e+00,4.998982747395833148e-01,8.138020833333332882e-05,5.000203450520833703e-01,4.836000000000000000e+03
1.318129129129129051e+00,4.999186197916666852e-01,4.069010416666666441e-05,5.000406901041666297e-01,4.848399999999999636e+03
1.325135135135135034e+00,4.999593098958333148e-01,2.034505208333333220e-05,5.000203450520833703e-01,4.860633333333333212e+03
1.332141141141141016e+00,4.999186197916666852e-01,4.069010416666666441e-05,5.000406901041666297e-01,4.873766666666666424e+03
1.339147147147146999e+00,4.999593098958333148e-01,2.034505208333333220e-05,5.000203450520833703e-01,4.886566666666666606e+03
1.346153153153152982e+00,4.996744791666666852e-01,1.627604166666666576e-04,5.001627604166666297e-01,4.900333333333333030e+03
1.353159159159158964e+00,4.999186197916666852e-01,1.017252604166666610e-05,5.000712076822916297e-01,4.912066666666666606e+03
1.360165165165164947e+00,4.999796549479166852e-01,1.017252604166666610e-05,5.000101725260416297e-01,4.925433333333333394e+03
1.367171171171171151e+00,4.987996419270833148e-01,2.034505208333333220e-05,5.011800130208333703e-01,4.937899999999999636e+03
1.374177177177177134e+00,4.999898274739583148e-01,5.086263020833333051e-06,5.000050862630208703e-01,4.950066666666666606e+03
1.381183183183183116e+00,4.998270670572916852e-01,1.017252604166666610e-05,5.001627604166666297e-01,4.961666666666666970e+03
1.388189189189189099e+00,4.997049967447916852e-01,1.627604166666666576e-04,5.001322428385416297e-01,4.973833333333333030e+03
1.395195195195195081e+00,4.999186197916666852e-01,4.069010416666666441e-05,5.000406901041666297e-01,4.985633333333333212e+03
1.402201201201201064e+00,4.999643961588541852e-01,2.543131510416666525e-06,5.000330607096353797e-01,4.997833333333333030e+03
1.409207207207207047e+00,4.998982747395833148e-01,2.034505208333333220e-05,5.000813802083333703e-01,5.009966666666666242e+03
1.416213213213213029e+00,4.999186197916666852e-01,4.069010416666666441e-05,5.000406901041666297e-01,5.021866666666666788e+03
1.423219219219219012e+00,4.999593098958333148e-01,2.034505208333333220e-05,5.000203450520833703e-01,5.032633333333333212e+03
1.430225225225225216e+00,4.999186197916666852e-01,4.069010416666666441e-05,5.000406901041666297e-01,5.043199999999999818e+03
1.437231231231231199e+00,4.999949137369791852e-01,2.543131510416666525e-06,5.000025431315103797e-01,5.054399999999999636e+03
1.444237237237237181e+00,4.997762044270833148e-01,2.034505208333333220e-05,5.002034505208333703e-01,5.065966666666666242e+03
1.451243243243243164e+00,4.998372395833333148e-01,2.034505208333333220e-05,5.001424153645833703e-01,5.075866666666666788e+03
1.458249249249249146e+00,4.997762044270833148e-01,2.034505208333333220e-05,5.002034505208333703e-01,5.087566666666666606e+03
1.465255255255255129e+00,4.999186197916666852e-01,4.069010416666666441e-05,5.000406901041666297e-01,5.098100000000000364e+03
1.472261261261261112e+00,4.999491373697916852e-01,1.017252604166666610e-05,5.000406901041666297e-01,5.109399999999999636e+03
1.479267267267267094e+00,4.998575846354166852e-01,1.017252604166666712e-04,5.000406901041666297e-01,5.120766666666666424e+03
1.486273273273273077e+00,4.999593098958333148e-01,5.086263020833333051e-06,5.000356038411458703e-01,5.131233333333333576e+03
1.493279279279279059e+00,4.994303385416666852e-01,4.069010416666666441e-05,5.005289713541666297e-01,5.142833333333333030e+03
1.500285285285285264e+00,4.999491373697916852e-01,4.069010416666666441e-05,5.000101725260416297e-01,5.152766666666666424e+03
1.507291291291291246e+00,4.997762044270833148e-01,2.034505208333333220e-05,5.002034505208333703e-01,5.163833333333333030e+03
1.514297297297297229e+00,4.996744791666666852e-01,4.069010416666666441e-05,5.002848307291666297e-01,5.174199999999999818e+03
1.521303303303303212e+00,4.998982747395833148e-01,2.034505208333333220e-05,5.000813802083333703e-01,5.186266666666666424e+03
1.528309309309309194e+00,4.999186197916666852e-01,4.069010416666666441e-05,5.000406901041666297e-01,5.196066666666666606e+03
1.535315315315315177e+00,4.995524088541666852e-01,4.069010416666666441e-05,5.004069010416666297e-01,5.207033333333333758e+03
1.542321321321321159e+00,4.999186197916666852e-01,4.069010416666666441e-05,5.000406901041666297e-01,5.216966666666666242e+03
1.549327327327327142e+00,4.999898274739583148e-01,5.086263020833333051e-06,5.000050862630208703e-01,5.227866666666666788e+03
1.556333333333333124e+00,4.999186197916666852e-01,4.069010416666666441e-05,5.000406901041666297e-01,5.238300000000000182e+03
1.563339339339339329e+00,4.999186197916666852e-01,4.069010416666666441e-05,5.000406901041666297e-01,5.249899999999999636e+03
1.570345345345345311e+00,4.998830159505208148e-01,5.086263020833333051e-06,5.001118977864583703e-01,5.259366666666666788e+03
1.577351351351351294e+00,4.999593098958333148e-01,2.034505208333333220e-05,5.000203450520833703e-01,5.271166666666666970e+03
1.584357357357357277e+00,4.999186197916666852e-01,4.069010416666666441e-05,5.000406901041666297e-01,5.282466666666666242e+03
1.591363363363363259e+00,4.999796549479166852e-01,2.543131510416666525e-06,5.000178019205728797e-01,5.291633333333333212e+03
1.598369369369369242e+00,4.999440511067708148e-01,5.086263020833333051e-06,5.000508626302083703e-01,5.302100000000000364e+03
1.605375375375375224e+00,4.996744791666666852e-01,1.627604166666666576e-04,5.001627604166666297e-01,5.312033333333333758e+03
1.612381381381381207e+00,4.998575846354166852e-01,4.069010416666666441e-05,5.001017252604166297e-01,5.323733333333333576e+03
1.619387387387387189e+00,4.999796549479166852e-01,1.017252604166666610e-05,5.000101725260416297e-01,5.333633333333333212e+03
1.626393393393393172e+00,4.999593098958333148e-01,2.034505208333333220e-05,5.000203450520833703e-01,5.343000000000000000e+03
1.633399399399399377e+00,4.997965494791666852e-01,1.017252604166666610e-05,5.001932779947916297e-01,5.352966666666666242e+03
1.640405405405405359e+00,4.997762044270833148e-01,2.034505208333333220e-05,5.002034505208333703e-01,5.362399999999999636e+03
1.647411411411411342e+00,4.999796549479166852e-01,1.017252604166666610e-05,5.000101725260416297e-01,5.371833333333333030e+03
1.654417417417417324e+00,4.994099934895833148e-01,3.255208333333333153e-04,5.002644856770833703e-01,5.381333333333333030e+03
1.661423423423423307e+00,4.999186197916666852e-01,4.069010416666666441e-05,5.000406901041666297e-01,5.390233333333333576e+03
1.668429429429429289e+00,4.999186197916666852e-01,4.069010416666666441e-05,5.000406901041666297e-01,5.400066666666666606e+03
1.675435435435435272e+00,4.993489583333333148e-01,3.255208333333333153e-04,5.003255208333333703e-01,5.411033333333333758e+03
1.682441441441441254e+00,4.996744791666666852e-01,1.627604166666666576e-04,5.001627604166666297e-01,5.420633333333333212e+03
1.689447447447447237e+00,4.997965494791666852e-01,4.069010416666666441e-05,5.001627604166666297e-01,5.429866666666666788e+03
1.696453453453453442e+00,4.997151692708333148e-01,2.034505208333333220e-05,5.002644856770833703e-01,5.440100000000000364e+03
1.703459459459459424e+00,4.996744791666666852e-01,4.069010416666666441e-05,5.002848307291666297e-01,5.450000000000000000e+03
1.710465465465465407e+00,4.997965494791666852e-01,1.627604166666666576e-04,5.000406901041666297e-01,5.460699999999999818e+03
1.717471471471471389e+00,4.999491373697916852e-01,1.017252604166666610e-05,5.000406901041666297e-01,5.470300000000000182e+03
1.724477477477477372e+00,4.999186197916666852e-01,4.069010416666666441e-05,5.000406901041666297e-01,5.480000000000000000e+03
1.731483483483483354e+00,4.997456868489583148e-01,2.034505208333333424e-04,5.000508626302083703e-01,5.490600000000000364e+03
1.738489489489489337e+00,4.997965494791666852e-01,4.069010416666666441e-05,5.001627604166666297e-01,5.500666666666666970e+03
1.745495495495495319e+00,4.999796549479166852e-01,1.017252604166666610e-05,5.000101725260416297e-01,5.510533333333333758e+03
1.752501501501501302e+00,4.998372395833333148e-01,8.138020833333332882e-05,5.000813802083333703e-01,5.519500000000000000e+03
1.759507507507507285e+00,4.996744791666666852e-01,2.848307291666666847e-04,5.000406901041666297e-01,5.530966666666666242e+03
1.766513513513513489e+00,4.996744791666666852e-01,1.627604166666666576e-04,5.001627604166666297e-01,5.540966666666666242e+03
1.773519519519519472e+00,4.999186197916666852e-01,4.069010416666666441e-05,5.000406901041666297e-01,5.550133333333333212e+03
1.780525525525525454e+00,4.996744791666666852e-01,1.627604166666666576e-04,5.001627604166666297e-01,5.560899999999999636e+03
1.787531531531531437e+00,4.998372395833333148e-01,8.138020833333332882e-05,5.000813802083333703e-01,5.569466666666666242e+03
1.794537537537537419e+00,4.998372395833333148e-01,8.138020833333332882e-05,5.000813802083333703e-01,5.580133333333333212e+03
1.801543543543543402e+00,4.998372395833333148e-01,8.138020833333332882e-05,5.000813802083333703e-01,5.589699999999999818e+03
1.808549549549549385e+00,4.999186197916666852e-01,4.069010416666666441e-05,5.000406901041666297e-01,5.599033333333333758e+03
1.815555555555555367e+00,4.993489583333333148e-01,3.255208333333333153e-04,5.003255208333333703e-01,5.609199999999999818e+03
1.822561561561561350e+00,4.999593098958333148e-01,2.034505208333333220e-05,5.000203450520833703e-01,5.617866666666666788e+03
1.829567567567567554e+00,4.999593098958333148e-01,2.034505208333333220e-05,5.000203450520833703e-01,5.625899999999999636e+03
1.836573573573573537e+00,4.999186197916666852e-01,1.017252604166666610e-05,5.000712076822916297e-01,5.635600000000000364e+03
1.843579579579579519e+00,4.998372395833333148e-01,1.424153645833333424e-04,5.000203450520833703e-01,5.645500000000000000e+03
1.850585585585585502e+00,4.999898274739583148e-01,5.086263020833333051e-06,5.000050862630208703e-01,5.654100000000000364e+03
1.857591591591591484e+00,4.999745686848958148e-01,5.086263020833333051e-06,5.000203450520833703e-01,5.662433333333333394e+03
1.864597597597597467e+00,4.999186197916666852e-01,4.069010416666666441e-05,5.000406901041666297e-01,5.671800000000000182e+03
1.871603603603603450e+00,4.996744791666666852e-01,4.069010416666666441e-05,5.002848307291666297e-01,5.681500000000000000e+03
1.878609609609609432e+00,4.997965494791666852e-01,1.627604166666666576e-04,5.000406901041666297e-01,5.691199999999999818e+03
1.885615615615615415e+00,4.986165364583333148e-01,1.057942708333333261e-03,5.003255208333333703e-01,5.701233333333333576e+03
1.892621621621621397e+00,4.999593098958333148e-01,2.034505208333333220e-05,5.000203450520833703e-01,5.709566666666666606e+03
1.899627627627627602e+00,4.990030924479166852e-01,9.867350260416667389e-04,5.000101725260416297e-01,5.718800000000000182e+03
1.906633633633633584e+00,4.997965494791666852e-01,1.017252604166666712e-04,5.001017252604166297e-01,5.728399999999999636e+03
1.913639639639639567e+00,4.996541341145833148e-01,3.255208333333333153e-04,5.000203450520833703e-01,5.737300000000000182e+03
1.920645645645645549e+00,4.989827473958333148e-01,9.969075520833332611e-04,5.000203450520833703e-01,5.746533333333333758e+03
1.927651651651651532e+00,4.994303385416666852e-01,5.289713541666666305e-04,5.000406901041666297e-01,5.754899999999999636e+03
1.934657657657657515e+00,4.991048177083333148e-01,8.748372395833333695e-04,5.000203450520833703e-01,5.764466666666666242e+03
1.941663663663663497e+00,4.994099934895833148e-01,5.696614583333333695e-04,5.000203450520833703e-01,5.772666666666666970e+03
1.948669669669669480e+00,4.998372395833333148e-01,8.138020833333332882e-05,5.000813802083333703e-01,5.780366666666666788e+03
1.955675675675675462e+00,4.999287923177083148e-01,5.086263020833333559e-05,5.000203450520833703e-01,5.788433333333333394e+03
1.962681681681681667e+00,4.992268880208333148e-01,5.696614583333333695e-04,5.002034505208333703e-01,5.798000000000000000e+03
1.969687687687687649e+00,4.994710286458333148e-01,3.865559895833333153e-04,5.001424153645833703e-01,5.806199999999999818e+03
1.976693693693693632e+00,4.998982747395833148e-01,5.086263020833333559e-05,5.000508626302083703e-01,5.814600000000000364e+03
1.983699699699699615e+00,4.994710286458333148e-01,4.475911458333333153e-04,5.000813802083333703e-01,5.823533333333333758e+03
1.990705705705705597e+00,4.999593098958333148e-01,2.034505208333333220e-05,5.000203450520833703e-01,5.830333333333333030e+03
1.997711711711711580e+00,4.995524088541666852e-01,4.374186197916666847e-04,5.000101725260416297e-01,5.837899999999999636e+03
2.004717717717717562e+00,4.997151692708333148e-01,2.644856770833333153e-04,5.000203450520833703e-01,5.845366666666666788e+03
2.011723723723723545e+00,4.994303385416666852e-01,4.069010416666666847e-04,5.001627604166666297e-01,5.854333333333333030e+03
2.018729729729729527e+00,4.998372395833333148e-01,8.138020833333332882e-05,5.000813802083333703e-01,5.862899999999999636e+03
2.025735735735735510e+00,4.999186197916666852e-01,4.069010416666666441e-05,5.000406901041666297e-01,5.869699999999999818e+03
2.032741741741741492e+00,4.998372395833333148e-01,2.034505208333333220e-05,5.001424153645833703e-01,5.877333333333333030e+03
2.039747747747747475e+00,4.999287923177083148e-01,5.086263020833333559e-05,5.000203450520833703e-01,5.884233333333333576e+03
2.046753753753753458e+00,4.999796549479166852e-01,1.017252604166666610e-05,5.000101725260416297e-01,5.891533333333333758e+03
2.053759759759759440e+00,4.994303385416666852e-01,4.069010416666666847e-04,5.001627604166666297e-01,5.898899999999999636e+03
2.060765765765765867e+00,4.995829264322916852e-01,4.069010416666666847e-04,5.000101725260416297e-01,5.905633333333333212e+03
2.067771771771771849e+00,4.998270670572916852e-01,1.627604166666666576e-04,5.000101725260416297e-01,5.912633333333333212e+03
2.074777777777777832e+00,4.999796549479166852e-01,1.017252604166666610e-05,5.000101725260416297e-01,5.918966666666666242e+03
2.081783783783783814e+00,4.997355143229166852e-01,2.543131510416666847e-04,5.000101725260416297e-01,5.925433333333333394e+03
2.088789789789789797e+00,4.998372395833333148e-01,1.424153645833333424e-04,5.000203450520833703e-01,5.932733333333333576e+03
2.095795795795795780e+00,4.998372395833333148e-01,8.138020833333332882e-05,5.000813802083333703e-01,5.940166666666666970e+03
2.102801801801801762e+00,4.998677571614583148e-01,1.118977864583333288e-04,5.000203450520833703e-01,5.946600000000000364e+03
2.109807807807807745e+00,4.999898274739583148e-01,5.086263020833333051e-06,5.000050862630208703e-01,5.954699999999999818e+03
2.116813813813813727e+00,4.995320638020833148e-01,4.475911458333333153e-04,5.000203450520833703e-01,5.962800000000000182e+03
2.123819819819819710e+00,4.996744791666666852e-01,2.848307291666666847e-04,5.000406901041666297e-01,5.969733333333333576e+03
2.130825825825825692e+00,4.994913736979166852e-01,4.679361979166666847e-04,5.000406901041666297e-01,5.977666666666666970e+03
2.137831831831831675e+00,4.970296223958333148e-01,2.827962239583333478e-03,5.001424153645833703e-01,5.984733333333333576e+03
2.144837837837837657e+00,4.975179036458333148e-01,1.302083333333333261e-03,5.011800130208333703e-01,5.991699999999999818e+03
2.151843843843843640e+00,4.999796549479166852e-01,1.017252604166666610e-05,5.000101725260416297e-01,5.998899999999999636e+03
2.158849849849849623e+00,4.994913736979166852e-01,4.069010416666666847e-04,5.001017252604166297e-01,6.007033333333333758e+03
2.165855855855855605e+00,4.998575846354166852e-01,1.017252604166666712e-04,5.000406901041666297e-01,6.014800000000000182e+03
2.172861861861861588e+00,4.995930989583333148e-01,3.865559895833333153e-04,5.000203450520833703e-01,6.022000000000000000e+03
2.179867867867867570e+00,4.999186197916666852e-01,4.069010416666666441e-05,5.000406901041666297e-01,6.029066666666666606e+03
2.186873873873873553e+00,4.999135335286458148e-01,5.086263020833333051e-06,5.000813802083333703e-01,6.036366666666666788e+03
2.193879879879879979e+00,4.993489583333333148e-01,3.102620442708333153e-04,5.003407796223958703e-01,6.044000000000000000e+03
2.200885885885885962e+00,4.972330729166666852e-01,2.726236979166666522e-03,5.000406901041666297e-01,6.051300000000000182e+03
2.207891891891891945e+00,4.997151692708333148e-01,2.034505208333333424e-04,5.000813802083333703e-01,6.058500000000000000e+03
2.214897897897897927e+00,4.975179036458333148e-01,2.278645833333333478e-03,5.002034505208333703e-01,6.066199999999999818e+03
2.221903903903903910e+00,4.982198079427083148e-01,1.759847005208333261e-03,5.000203450520833703e-01,6.073433333333333394e+03
2.228909909909909892e+00,4.993693033854166852e-01,5.900065104166666305e-04,5.000406901041666297e-01,6.080300000000000182e+03
