# time,semantic,grammar,climb,minimum
1.000000000000000021e-03,8.854166666666667129e-02,2.848307291666666522e-03,9.086100260416666297e-01,2.506400000000000091e+03
8.006006006006005996e-03,1.223958333333333287e-01,1.668294270833333261e-03,8.759358723958333703e-01,2.503900000000000091e+03
1.501201201201201110e-02,1.432291666666666574e-01,1.627604166666666576e-04,8.566080729166666297e-01,2.499466666666666697e+03
2.201801801801801795e-02,1.505533854166666574e-01,1.383463541666666739e-03,8.480631510416666297e-01,2.495433333333333394e+03
2.902402402402402479e-02,1.549479166666666574e-01,6.510416666666666305e-04,8.444010416666666297e-01,2.494366666666666788e+03
3.603003003003003163e-02,1.599527994791666574e-01,1.017252604166666739e-03,8.390299479166666297e-01,2.489599999999999909e+03
4.303603603603603500e-02,1.673177083333333426e-01,3.255208333333333478e-03,8.294270833333333703e-01,2.478500000000000000e+03
5.004204204204204531e-02,1.676432291666666574e-01,1.139322916666666739e-03,8.312174479166666297e-01,2.480066666666666606e+03
5.704804804804804869e-02,1.729329427083333426e-01,9.114583333333333912e-03,8.179524739583333703e-01,2.486066666666666606e+03
6.405405405405405206e-02,1.775716145833333426e-01,7.344563802083333044e-03,8.150838216145833703e-01,2.493466666666666697e+03
7.106006006006006237e-02,1.775716145833333426e-01,4.964192708333333044e-03,8.174641927083333703e-01,2.504733333333333121e+03
7.806606606606607268e-02,1.810099283854166574e-01,1.322428385416666739e-03,8.176676432291666297e-01,2.516333333333333485e+03
8.507207207207206912e-02,1.806780497233072824e-01,6.357828776041666314e-07,8.193213144938150672e-01,2.526466666666666697e+03
9.207807807807807943e-02,1.845906575520833426e-01,1.344807942708333391e-02,8.019612630208333703e-01,2.539733333333333121e+03
9.908408408408408974e-02,1.842447916666666574e-01,1.236979166666666609e-02,8.033854166666666297e-01,2.552633333333333212e+03
1.060900900900900862e-01,1.893717447916666574e-01,1.139322916666666609e-02,7.992350260416666297e-01,2.563400000000000091e+03
1.130960960960960965e-01,1.941935221354166574e-01,2.305094401041666782e-02,7.827555338541666297e-01,2.575333333333333485e+03
1.201021021021021068e-01,1.899007161458333426e-01,2.632649739583333218e-02,7.837727864583333703e-01,2.586966666666666697e+03
1.271081081081081032e-01,1.882731119791666574e-01,2.402750651041666782e-02,7.876993815104166297e-01,2.598300000000000182e+03
1.341141141141141135e-01,1.915690104166666574e-01,2.067057291666666782e-02,7.877604166666666297e-01,2.608500000000000000e+03
1.411201201201201239e-01,1.924641927083333426e-01,2.132161458333333218e-02,7.862141927083333703e-01,2.618466666666666697e+03
1.481261261261261342e-01,1.979166666666666574e-01,1.432291666666666609e-02,7.877604166666666297e-01,2.629900000000000091e+03
1.551321321321321445e-01,2.005208333333333426e-01,1.936848958333333218e-02,7.801106770833333703e-01,2.640000000000000000e+03
1.621381381381381270e-01,2.057291666666666574e-01,1.920572916666666782e-02,7.750651041666666297e-01,2.650333333333333485e+03
1.691441441441441373e-01,2.012125651041666574e-01,1.841227213541666782e-02,7.803751627604166297e-01,2.661166666666666515e+03
1.761501501501501477e-01,2.057291666666666574e-01,1.627604166666666782e-02,7.779947916666666297e-01,2.671733333333333121e+03
1.831561561561561580e-01,2.018636067708333426e-01,2.217610677083333218e-02,7.759602864583333703e-01,2.684000000000000000e+03
1.901621621621621683e-01,2.097574869791666574e-01,1.835123697916666782e-02,7.718912760416666297e-01,2.694400000000000091e+03
1.971681681681681786e-01,2.044270833333333426e-01,1.692708333333333218e-02,7.786458333333333703e-01,2.707366666666666788e+03
2.041741741741741611e-01,2.033284505208333426e-01,1.643880208333333218e-02,7.802327473958333703e-01,2.719933333333333394e+03
2.111801801801801715e-01,2.057291666666666574e-01,1.822916666666666782e-02,7.760416666666666297e-01,2.731833333333333485e+03
2.181861861861861818e-01,2.072347005208333426e-01,2.449544270833333218e-02,7.682698567708333703e-01,2.744033333333333303e+03
2.251921921921921921e-01,2.091878255208333426e-01,2.266438802083333218e-02,7.681477864583333703e-01,2.756699999999999818e+03
2.321981981981982024e-01,2.179361979166666574e-01,1.603190104166666782e-02,7.660319010416666297e-01,2.768433333333333394e+03
2.392042042042042127e-01,2.150065104166666574e-01,2.457682291666666782e-02,7.604166666666666297e-01,2.780033333333333303e+03
2.462102102102102230e-01,2.198893229166666574e-01,2.335611979166666782e-02,7.567545572916666297e-01,2.792966666666666697e+03
2.532162162162162056e-01,2.161458333333333426e-01,2.473958333333333218e-02,7.591145833333333703e-01,2.804199999999999818e+03
2.602222222222222436e-01,2.227376302083333426e-01,2.242024739583333218e-02,7.548421223958333703e-01,2.815133333333333212e+03
2.672282282282282262e-01,2.240397135416666574e-01,2.482096354166666782e-02,7.511393229166666297e-01,2.826900000000000091e+03
2.742342342342342087e-01,2.204182942708333426e-01,2.876790364583333218e-02,7.508138020833333703e-01,2.839433333333333394e+03
2.812402402402402468e-01,2.212727864583333426e-01,2.226765950520833218e-02,7.564595540364583703e-01,2.851699999999999818e+03
2.882462462462462294e-01,2.259114583333333426e-01,2.180989583333333218e-02,7.522786458333333703e-01,2.863533333333333303e+03
2.952522522522522674e-01,2.213541666666666574e-01,2.213541666666666782e-02,7.565104166666666297e-01,2.875966666666666697e+03
3.022582582582582500e-01,2.279866536458333426e-01,1.100667317708333391e-02,7.610066731770833703e-01,2.888633333333333212e+03
3.092642642642642881e-01,2.242838541666666574e-01,1.896158854166666782e-02,7.567545572916666297e-01,2.901333333333333485e+03
3.162702702702702706e-01,2.288004557291666574e-01,1.835123697916666782e-02,7.528483072916666297e-01,2.915066666666666606e+03
3.232762762762762532e-01,2.318522135416666574e-01,1.749674479166666782e-02,7.506510416666666297e-01,2.928133333333333212e+03
3.302822822822822912e-01,2.239176432291666574e-01,2.079264322916666782e-02,7.552897135416666297e-01,2.944000000000000000e+03
3.372882882882882738e-01,2.200520833333333426e-01,2.864583333333333218e-02,7.513020833333333703e-01,2.956933333333333394e+03
3.442942942942943119e-01,2.239583333333333426e-01,2.473958333333333218e-02,7.513020833333333703e-01,2.971233333333333121e+03
3.513003003003002944e-01,2.253011067708333426e-01,2.205403645833333218e-02,7.526448567708333703e-01,2.983933333333333394e+03
3.583063063063063325e-01,2.173258463541666574e-01,2.414957682291666782e-02,7.585245768229166297e-01,2.997166666666666515e+03
3.653123123123123150e-01,2.179361979166666574e-01,3.043619791666666782e-02,7.516276041666666297e-01,3.012099999999999909e+03
3.723183183183182976e-01,2.371419270833333426e-01,2.180989583333333218e-02,7.410481770833333703e-01,3.025233333333333121e+03
3.793243243243243357e-01,2.288411458333333426e-01,4.182942708333333565e-02,7.293294270833333703e-01,3.038433333333333394e+03
3.863303303303303182e-01,2.318522135416666574e-01,3.458658854166666435e-02,7.335611979166666297e-01,3.051366666666666788e+03
3.933363363363363563e-01,2.356770833333333426e-01,4.207356770833333565e-02,7.222493489583333703e-01,3.065000000000000000e+03
4.003423423423423388e-01,2.288411458333333426e-01,4.134114583333333565e-02,7.298177083333333703e-01,3.078266666666666879e+03
4.073483483483483214e-01,2.503255208333333148e-01,3.548177083333333565e-02,7.141927083333333703e-01,3.090099999999999909e+03
4.143543543543543595e-01,2.548421223958333148e-01,3.572591145833333565e-02,7.094319661458333703e-01,3.101900000000000091e+03
4.213603603603603420e-01,2.517903645833333148e-01,3.767903645833333565e-02,7.105305989583333703e-01,3.113766666666666879e+03
4.283663663663663801e-01,2.573649088541666852e-01,3.830973307291666435e-02,7.043253580729166297e-01,3.126900000000000091e+03
4.353723723723723626e-01,2.557779947916666852e-01,3.641764322916666435e-02,7.078043619791666297e-01,3.140933333333333394e+03
4.423783783783784007e-01,2.608235677083333148e-01,4.024251302083333565e-02,6.989339192708333703e-01,3.153800000000000182e+03
4.493843843843843833e-01,2.610677083333333148e-01,4.182942708333333565e-02,6.971028645833333703e-01,3.166500000000000000e+03
4.563903903903903658e-01,2.538655598958333148e-01,3.243001302083333565e-02,7.137044270833333703e-01,3.178166666666666515e+03
4.633963963963964039e-01,2.522786458333333148e-01,3.401692708333333565e-02,7.137044270833333703e-01,3.189433333333333394e+03
4.704024024024023864e-01,2.652180989583333148e-01,3.157552083333333565e-02,7.032063802083333703e-01,3.201866666666666788e+03
4.774084084084084245e-01,2.532552083333333148e-01,3.743489583333333565e-02,7.093098958333333703e-01,3.213966666666666697e+03
4.844144144144144071e-01,2.593587239583333148e-01,2.473958333333333218e-02,7.159016927083333703e-01,3.225266666666666879e+03
4.914204204204204451e-01,2.635294596354166852e-01,2.781168619791666782e-02,7.086588541666666297e-01,3.238333333333333485e+03
4.984264264264264277e-01,2.648518880208333148e-01,3.133138020833333565e-02,7.038167317708333703e-01,3.252199999999999818e+03
5.054324324324324103e-01,2.707112630208333148e-01,3.432210286458333565e-02,6.949666341145833703e-01,3.266166666666666515e+03
5.124384384384383928e-01,2.728068033854166852e-01,3.550211588541666435e-02,6.916910807291666297e-01,3.278933333333333394e+03
5.194444444444444864e-01,2.718912760416666852e-01,3.751627604166666435e-02,6.905924479166666297e-01,3.293066666666666606e+03
5.264504504504504689e-01,2.760416666666666852e-01,3.580729166666666435e-02,6.881510416666666297e-01,3.305833333333333485e+03
5.334564564564564515e-01,2.666829427083333148e-01,3.828938802083333565e-02,6.950276692708333703e-01,3.318533333333333303e+03
5.404624624624624341e-01,2.603352864583333148e-01,4.158528645833333565e-02,6.980794270833333703e-01,3.330766666666666879e+03
5.474684684684684166e-01,2.693277994791666852e-01,4.264322916666666435e-02,6.880289713541666297e-01,3.344199999999999818e+03
5.544744744744745102e-01,2.775472005208333148e-01,3.621419270833333565e-02,6.862386067708333703e-01,3.357266666666666879e+03
5.614804804804804927e-01,2.750651041666666852e-01,4.923502604166666435e-02,6.756998697916666297e-01,3.370199999999999818e+03
5.684864864864864753e-01,2.750040690104166852e-01,5.008951822916666435e-02,6.749064127604166297e-01,3.382633333333333212e+03
5.754924924924924579e-01,2.681477864583333148e-01,5.672200520833333565e-02,6.751302083333333703e-01,3.395333333333333485e+03
5.824984984984985514e-01,2.582194010416666852e-01,5.631510416666666435e-02,6.854654947916666297e-01,3.408066666666666606e+03
5.895045045045045340e-01,2.600911458333333148e-01,5.745442708333333565e-02,6.824544270833333703e-01,3.421366666666666788e+03
5.965105105105105165e-01,2.642618815104166852e-01,5.533854166666666435e-02,6.803995768229166297e-01,3.434966666666666697e+03
6.035165165165164991e-01,2.720845540364583148e-01,5.330403645833333565e-02,6.746114095052083703e-01,3.447966666666666697e+03
6.105225225225224817e-01,2.731119791666666852e-01,5.228678385416666435e-02,6.746012369791666297e-01,3.460266666666666879e+03
6.175285285285285752e-01,2.659810384114583148e-01,6.136067708333333565e-02,6.726582845052083703e-01,3.473300000000000182e+03
6.245345345345345578e-01,2.672526041666666852e-01,6.168619791666666435e-02,6.710611979166666297e-01,3.485400000000000091e+03
6.315405405405405403e-01,2.679036458333333148e-01,6.624348958333332871e-02,6.658528645833333703e-01,3.499966666666666697e+03
6.385465465465465229e-01,2.699381510416666852e-01,7.023111979166667129e-02,6.598307291666666297e-01,3.512233333333333121e+03
6.455525525525525055e-01,2.705485026041666852e-01,7.798258463541667129e-02,6.514689127604166297e-01,3.526033333333333303e+03
6.525585585585585990e-01,2.682291666666666852e-01,8.085123697916667129e-02,6.509195963541666297e-01,3.539099999999999909e+03
6.595645645645645816e-01,2.662760416666666852e-01,8.219401041666667129e-02,6.515299479166666297e-01,3.551000000000000000e+03
6.665705705705705642e-01,2.672322591145833148e-01,7.979329427083332871e-02,6.529744466145833703e-01,3.564466666666666697e+03
6.735765765765765467e-01,2.686360677083333148e-01,7.893880208333332871e-02,6.524251302083333703e-01,3.576900000000000091e+03
6.805825825825825293e-01,2.710774739583333148e-01,7.417805989583332871e-02,6.547444661458333703e-01,3.590033333333333303e+03
6.875885885885886228e-01,2.688802083333333148e-01,8.723958333333332871e-02,6.438802083333333703e-01,3.605199999999999818e+03
6.945945945945946054e-01,2.603963216145833148e-01,8.855183919270832871e-02,6.510518391927083703e-01,3.618466666666666697e+03
7.016006006006005880e-01,2.625325520833333148e-01,7.307942708333332871e-02,6.643880208333333703e-01,3.631400000000000091e+03
7.086066066066065705e-01,2.747599283854166852e-01,8.365885416666667129e-02,6.415812174479166297e-01,3.644500000000000000e+03
7.156126126126126641e-01,2.779947916666666852e-01,8.072916666666667129e-02,6.412760416666666297e-01,3.656733333333333121e+03
7.226186186186186466e-01,2.754923502604166852e-01,8.967081705729167129e-02,6.348368326822916297e-01,3.668766666666666879e+03
7.296246246246246292e-01,2.857259114583333148e-01,6.392415364583332871e-02,6.503499348958333703e-01,3.681466666666666697e+03
7.366306306306306118e-01,2.771809895833333148e-01,8.406575520833332871e-02,6.387532552083333703e-01,3.693300000000000182e+03
7.436366366366365943e-01,2.706705729166666852e-01,8.439127604166667129e-02,6.449381510416666297e-01,3.707033333333333303e+03
7.506426426426426879e-01,2.868245442708333148e-01,6.331380208333332871e-02,6.498616536458333703e-01,3.717800000000000182e+03
7.576486486486486704e-01,2.876790364583333148e-01,6.514485677083332871e-02,6.471761067708333703e-01,3.729800000000000182e+03
7.646546546546546530e-01,2.843424479166666852e-01,6.778971354166667129e-02,6.478678385416666297e-01,3.742733333333333121e+03
7.716606606606606356e-01,2.882486979166666852e-01,6.424967447916667129e-02,6.475016276041666297e-01,3.754199999999999818e+03
7.786666666666666181e-01,2.923990885416666852e-01,6.290690104166667129e-02,6.446940104166666297e-01,3.767833333333333485e+03
7.856726726726727117e-01,2.835896809895833148e-01,8.162434895833332871e-02,6.347859700520833703e-01,3.780233333333333121e+03
7.926786786786786942e-01,2.833658854166666852e-01,8.536783854166667129e-02,6.312662760416666297e-01,3.791933333333333394e+03
7.996846846846846768e-01,2.834574381510416852e-01,8.033243815104167129e-02,6.362101236979166297e-01,3.803433333333333394e+03
8.066906906906906594e-01,2.866617838541666852e-01,8.329264322916667129e-02,6.300455729166666297e-01,3.815533333333333303e+03
8.136966966966966419e-01,2.854410807291666852e-01,8.237711588541667129e-02,6.321818033854166297e-01,3.827599999999999909e+03
8.207027027027027355e-01,2.869669596354166852e-01,8.335367838541667129e-02,6.296793619791666297e-01,3.839400000000000091e+03
8.277087087087087180e-01,2.852071126302083148e-01,8.223470052083332871e-02,6.325581868489583703e-01,3.849900000000000091e+03
8.347147147147147006e-01,2.869059244791666852e-01,8.561197916666667129e-02,6.274820963541666297e-01,3.862233333333333121e+03
8.417207207207206832e-01,2.855021158854166852e-01,8.332316080729167129e-02,6.311747233072916297e-01,3.874433333333333394e+03
8.487267267267267767e-01,2.857259114583333148e-01,8.430989583333332871e-02,6.299641927083333703e-01,3.885633333333333212e+03
8.557327327327327593e-01,2.897135416666666852e-01,7.486979166666667129e-02,6.354166666666666297e-01,3.898199999999999818e+03
8.627387387387387419e-01,2.913411458333333148e-01,7.307942708333332871e-02,6.355794270833333703e-01,3.910300000000000182e+03
8.697447447447447244e-01,3.043619791666666852e-01,6.998697916666667129e-02,6.256510416666666297e-01,3.922500000000000000e+03
8.767507507507507070e-01,2.860514322916666852e-01,8.463541666666667129e-02,6.293131510416666297e-01,3.934500000000000000e+03
8.837567567567568005e-01,2.931315104166666852e-01,7.291666666666667129e-02,6.339518229166666297e-01,3.946333333333333485e+03
8.907627627627627831e-01,2.919108072916666852e-01,7.486979166666667129e-02,6.332194010416666297e-01,3.957866666666666788e+03
8.977687687687687657e-01,3.023478190104166852e-01,6.797281901041667129e-02,6.296793619791666297e-01,3.971666666666666515e+03
9.047747747747747482e-01,2.867940266927083148e-01,8.363850911458332871e-02,6.295674641927083703e-01,3.984599999999999909e+03
9.117807807807807308e-01,3.061930338541666852e-01,6.791178385416667129e-02,6.258951822916666297e-01,3.996066666666666606e+03
9.187867867867868243e-01,2.828776041666666852e-01,8.170572916666667129e-02,6.354166666666666297e-01,4.008066666666666606e+03
9.257927927927928069e-01,2.888997395833333148e-01,7.796223958333332871e-02,6.331380208333333703e-01,4.020199999999999818e+03
9.327987987987987895e-01,2.881673177083333148e-01,7.771809895833332871e-02,6.341145833333333703e-01,4.031333333333333485e+03
9.398048048048047720e-01,3.072916666666666852e-01,7.291666666666667129e-02,6.197916666666666297e-01,4.045199999999999818e+03
9.468108108108107546e-01,3.050130208333333148e-01,7.808430989583332871e-02,6.169026692708333703e-01,4.055833333333333485e+03
9.538168168168168481e-01,3.111979166666666852e-01,6.486002604166667129e-02,6.239420572916666297e-01,4.067666666666666515e+03
9.608228228228228307e-01,2.957356770833333148e-01,8.162434895833332871e-02,6.226399739583333703e-01,4.078333333333333485e+03
9.678288288288288133e-01,3.052266438802083148e-01,6.987508138020832871e-02,6.248982747395833703e-01,4.089366666666666788e+03
9.748348348348347958e-01,3.118489583333333148e-01,6.575520833333332871e-02,6.223958333333333703e-01,4.100699999999999818e+03
9.818408408408408894e-01,3.071695963541666852e-01,6.894938151041667129e-02,6.238810221354166297e-01,4.111933333333333394e+03
9.888468468468468719e-01,3.111775716145833148e-01,6.712849934895832871e-02,6.216939290364583703e-01,4.122266666666666424e+03
9.958528528528528545e-01,2.975870768229166852e-01,7.761637369791667129e-02,6.247965494791666297e-01,4.133699999999999818e+03
1.002858858858858726e+00,3.002115885416666852e-01,7.523600260416667129e-02,6.245524088541666297e-01,4.145833333333333030e+03
1.009864864864864709e+00,3.022054036458333148e-01,7.356770833333332871e-02,6.242268880208333703e-01,4.157433333333333394e+03
1.016870870870870691e+00,3.062947591145833148e-01,7.106526692708332871e-02,6.226399739583333703e-01,4.168233333333333576e+03
1.023876876876876674e+00,3.003743489583333148e-01,7.552083333333332871e-02,6.241048177083333703e-01,4.180533333333333758e+03
1.030882882882882878e+00,3.031412760416666852e-01,7.486979166666667129e-02,6.219889322916666297e-01,4.193233333333333576e+03
1.037888888888888861e+00,2.993570963541666852e-01,7.572428385416667129e-02,6.249186197916666297e-01,4.204600000000000364e+03
1.044894894894894843e+00,3.082682291666666852e-01,8.072916666666667129e-02,6.110026041666666297e-01,4.216633333333333212e+03
1.051900900900900826e+00,2.990926106770833148e-01,8.327229817708332871e-02,6.176350911458333703e-01,4.228600000000000364e+03
1.058906906906906809e+00,3.068033854166666852e-01,7.096354166666667129e-02,6.222330729166666297e-01,4.240533333333333758e+03
1.065912912912912791e+00,3.020426432291666852e-01,7.602945963541667129e-02,6.219278971354166297e-01,4.252366666666666788e+03
1.072918918918918774e+00,3.006184895833333148e-01,7.576497395833332871e-02,6.236165364583333703e-01,4.264666666666666970e+03
1.079924924924924756e+00,3.077799479166666852e-01,7.169596354166667129e-02,6.205240885416666297e-01,4.275399999999999636e+03
1.086930930930930739e+00,3.038736979166666852e-01,7.779947916666667129e-02,6.183268229166666297e-01,4.286966666666666242e+03
1.093936936936936721e+00,3.016764322916666852e-01,8.158365885416667129e-02,6.167399088541666297e-01,4.297300000000000182e+03
1.100942942942942926e+00,3.054402669270833148e-01,8.046468098958332871e-02,6.140950520833333703e-01,4.308233333333333576e+03
1.107948948948948908e+00,3.080240885416666852e-01,7.645670572916667129e-02,6.155192057291666297e-01,4.321600000000000364e+03
1.114954954954954891e+00,3.040364583333333148e-01,8.138020833333332871e-02,6.145833333333333703e-01,4.334466666666666242e+03
1.121960960960960874e+00,3.077901204427083148e-01,8.025105794270832871e-02,6.119588216145833703e-01,4.346866666666666788e+03
1.128966966966966856e+00,3.098856608072916852e-01,9.208170572916667129e-02,5.980326334635416297e-01,4.357433333333333394e+03
1.135972972972972839e+00,2.989298502604166852e-01,9.653727213541667129e-02,6.045328776041666297e-01,4.368666666666666970e+03
1.142978978978978821e+00,3.108723958333333148e-01,9.248860677083332871e-02,5.966389973958333703e-01,4.379399999999999636e+03
1.149984984984984804e+00,3.123372395833333148e-01,9.358723958333332871e-02,5.940755208333333703e-01,4.391199999999999818e+03
1.156990990990990786e+00,3.239339192708333148e-01,9.138997395833332871e-02,5.846761067708333703e-01,4.402833333333333030e+03
1.163996996996996991e+00,3.187052408854166852e-01,9.244791666666667129e-02,5.888468424479166297e-01,4.413899999999999636e+03
1.171003003003002974e+00,3.165486653645833148e-01,9.413655598958332871e-02,5.893147786458333703e-01,4.425566666666666606e+03
1.178009009009008956e+00,3.250325520833333148e-01,9.822591145833332871e-02,5.767415364583333703e-01,4.437633333333333212e+03
1.185015015015014939e+00,3.109639485677083148e-01,9.242757161458332871e-02,5.966084798177083703e-01,4.449066666666666606e+03
1.192021021021020921e+00,3.083089192708333148e-01,8.858235677083332871e-02,6.031087239583333703e-01,4.462633333333333212e+03
1.199027027027026904e+00,3.225911458333333148e-01,1.038411458333333287e-01,5.735677083333333703e-01,4.472666666666666970e+03
1.206033033033032886e+00,3.181966145833333148e-01,9.798177083333332871e-02,5.838216145833333703e-01,4.482566666666666606e+03
1.213039039039038869e+00,3.211263020833333148e-01,9.810384114583332871e-02,5.807698567708333703e-01,4.493766666666666424e+03
1.220045045045044851e+00,3.189290364583333148e-01,1.077473958333333287e-01,5.733235677083333703e-01,4.504366666666666788e+03
1.227051051051050834e+00,3.224283854166666852e-01,1.063639322916666713e-01,5.712076822916666297e-01,4.514766666666666424e+03
1.234057057057057039e+00,3.234456380208333148e-01,1.039632161458333287e-01,5.725911458333333703e-01,4.525866666666666788e+03
1.241063063063063021e+00,3.239034016927083148e-01,1.041463216145833287e-01,5.719502766927083703e-01,4.536899999999999636e+03
1.248069069069069004e+00,3.179728190104166852e-01,1.140543619791666713e-01,5.679728190104166297e-01,4.547500000000000000e+03
1.255075075075074986e+00,3.216959635416666852e-01,1.048990885416666713e-01,5.734049479166666297e-01,4.557800000000000182e+03
1.262081081081080969e+00,3.227945963541666852e-01,1.059977213541666713e-01,5.712076822916666297e-01,4.568666666666666970e+03
1.269087087087086951e+00,3.229166666666666852e-01,1.051432291666666713e-01,5.719401041666666297e-01,4.578866666666666788e+03
1.276093093093092934e+00,3.214467366536458148e-01,1.085561116536458287e-01,5.699971516927083703e-01,4.589633333333333212e+03
1.283099099099098916e+00,3.234456380208333148e-01,1.027425130208333287e-01,5.738118489583333703e-01,4.600933333333333394e+03
1.290105105105104899e+00,3.263448079427083148e-01,1.093648274739583287e-01,5.642903645833333703e-01,4.611133333333333212e+03
1.297111111111111104e+00,3.235677083333333148e-01,1.023763020833333287e-01,5.740559895833333703e-01,4.622666666666666970e+03
1.304117117117117086e+00,3.204752604166666852e-01,1.090494791666666713e-01,5.704752604166666297e-01,4.633166666666666970e+03
1.311123123123123069e+00,3.221638997395833148e-01,1.092732747395833287e-01,5.685628255208333703e-01,4.644500000000000000e+03
1.318129129129129051e+00,3.272501627604166852e-01,9.434000651041667129e-02,5.784098307291666297e-01,4.654566666666666606e+03
1.325135135135135034e+00,3.206380208333333148e-01,1.092122395833333287e-01,5.701497395833333703e-01,4.664733333333333576e+03
1.332141141141141016e+00,3.299153645833333148e-01,9.401448567708332871e-02,5.760701497395833703e-01,4.675666666666666970e+03
1.339147147147146999e+00,3.231608072916666852e-01,1.042887369791666713e-01,5.725504557291666297e-01,4.686166666666666970e+03
1.346153153153152982e+00,3.336995442708333148e-01,9.981282552083332871e-02,5.664876302083333703e-01,4.695866666666666788e+03
1.353159159159158964e+00,3.349202473958333148e-01,9.602864583333332871e-02,5.690511067708333703e-01,4.706899999999999636e+03
1.360165165165164947e+00,3.350016276041666852e-01,9.855143229166667129e-02,5.664469401041666297e-01,4.717133333333333212e+03
1.367171171171171151e+00,3.208821614583333148e-01,1.162923177083333287e-01,5.628255208333333703e-01,4.727399999999999636e+03
1.374177177177177134e+00,3.238118489583333148e-01,1.243489583333333287e-01,5.518391927083333703e-01,4.735066666666666606e+03
1.381183183183183116e+00,3.211263020833333148e-01,1.241048177083333287e-01,5.547688802083333703e-01,4.744333333333333030e+03
1.388189189189189099e+00,3.199869791666666852e-01,1.266276041666666574e-01,5.533854166666666297e-01,4.752966666666666242e+03
1.395195195195195081e+00,3.177083333333333148e-01,1.302083333333333426e-01,5.520833333333333703e-01,4.763833333333333030e+03
1.402201201201201064e+00,3.232828776041666852e-01,1.327311197916666574e-01,5.439860026041666297e-01,4.772066666666666606e+03
1.409207207207207047e+00,3.221842447916666852e-01,1.326090494791666574e-01,5.452067057291666297e-01,4.782600000000000364e+03
1.416213213213213029e+00,3.229166666666666852e-01,1.275736490885416574e-01,5.495096842447916297e-01,4.793133333333333212e+03
1.423219219219219012e+00,3.134562174479166852e-01,1.373697916666666574e-01,5.491739908854166297e-01,4.802500000000000000e+03
1.430225225225225216e+00,3.237711588541666852e-01,1.394449869791666574e-01,5.367838541666666297e-01,4.812133333333333212e+03
1.437231231231231199e+00,3.196614583333333148e-01,1.446126302083333426e-01,5.357259114583333703e-01,4.822399999999999636e+03
1.444237237237237181e+00,3.227945963541666852e-01,1.273600260416666574e-01,5.498453776041666297e-01,4.831733333333333576e+03
1.451243243243243164e+00,3.241068522135416852e-01,1.388041178385416574e-01,5.370890299479166297e-01,4.841000000000000000e+03
1.458249249249249146e+00,3.268229166666666852e-01,1.298014322916666574e-01,5.433756510416666297e-01,4.850300000000000182e+03
1.465255255255255129e+00,3.275960286458333148e-01,1.313069661458333426e-01,5.410970052083333703e-01,4.859566666666666606e+03
1.472261261261261112e+00,3.264973958333333148e-01,1.337483723958333426e-01,5.397542317708333703e-01,4.868666666666666970e+03
1.479267267267267094e+00,3.208821614583333148e-01,1.391194661458333426e-01,5.399983723958333703e-01,4.877766666666666424e+03
1.486273273273273077e+00,3.250325520833333148e-01,1.294759114583333426e-01,5.454915364583333703e-01,4.887500000000000000e+03
1.493279279279279059e+00,3.272298177083333148e-01,1.325276692708333426e-01,5.402425130208333703e-01,4.897066666666666606e+03
1.500285285285285264e+00,3.255971272786458148e-01,1.378682454427083426e-01,5.365346272786458703e-01,4.906266666666666424e+03
1.507291291291291246e+00,3.179524739583333148e-01,1.399739583333333426e-01,5.420735677083333703e-01,4.915800000000000182e+03
1.514297297297297229e+00,3.287760416666666852e-01,1.334635416666666574e-01,5.377604166666666297e-01,4.924766666666666424e+03
1.521303303303303212e+00,3.319498697916666852e-01,1.356608072916666574e-01,5.323893229166666297e-01,4.933399999999999636e+03
1.528309309309309194e+00,3.319498697916666852e-01,1.334635416666666574e-01,5.345865885416666297e-01,4.942366666666666788e+03
1.535315315315315177e+00,3.316752115885416852e-01,1.334025065104166574e-01,5.349222819010416297e-01,4.950800000000000182e+03
1.542321321321321159e+00,3.335774739583333148e-01,1.475423177083333426e-01,5.188802083333333703e-01,4.961533333333333758e+03
1.549327327327327142e+00,3.341471354166666852e-01,1.471354166666666574e-01,5.187174479166666297e-01,4.970266666666666424e+03
1.556333333333333124e+00,3.338826497395833148e-01,1.377156575520833426e-01,5.284016927083333703e-01,4.979100000000000364e+03
1.563339339339339329e+00,3.363545735677083148e-01,1.337178548177083426e-01,5.299275716145833703e-01,4.987466666666666242e+03
1.570345345345345311e+00,3.450520833333333148e-01,1.421712239583333426e-01,5.127766927083333703e-01,4.996699999999999818e+03
1.577351351351351294e+00,3.471171061197916852e-01,1.428324381510416574e-01,5.100504557291666297e-01,5.006566666666666606e+03
1.584357357357357277e+00,3.463541666666666852e-01,1.432291666666666574e-01,5.104166666666666297e-01,5.016000000000000000e+03
1.591363363363363259e+00,3.374888102213541852e-01,1.379954020182291574e-01,5.245157877604166297e-01,5.023233333333333576e+03
1.598369369369369242e+00,3.555094401041666852e-01,1.324259440104166574e-01,5.120646158854166297e-01,5.032399999999999636e+03
1.605375375375375224e+00,3.468221028645833148e-01,1.380208333333333426e-01,5.151570638020833703e-01,5.039766666666666424e+03
1.612381381381381207e+00,3.399251302083333148e-01,1.375325520833333426e-01,5.225423177083333703e-01,5.048633333333333212e+03
1.619387387387387189e+00,3.538004557291666852e-01,1.334025065104166574e-01,5.127970377604166297e-01,5.055366666666666788e+03
1.626393393393393172e+00,3.500162760416666852e-01,1.356608072916666574e-01,5.143229166666666297e-01,5.064699999999999818e+03
1.633399399399399377e+00,3.414713541666666852e-01,1.539713541666666574e-01,5.045572916666666297e-01,5.073500000000000000e+03
1.640405405405405359e+00,3.428141276041666852e-01,1.373697916666666574e-01,5.198160807291666297e-01,5.080300000000000182e+03
1.647411411411411342e+00,3.402506510416666852e-01,1.468912760416666574e-01,5.128580729166666297e-01,5.089500000000000000e+03
1.654417417417417324e+00,3.396402994791666852e-01,1.504313151041666574e-01,5.099283854166666297e-01,5.097666666666666970e+03
1.661423423423423307e+00,3.389485677083333148e-01,1.486409505208333426e-01,5.124104817708333703e-01,5.105266666666666424e+03
1.668429429429429289e+00,3.317464192708333148e-01,1.455891927083333426e-01,5.226643880208333703e-01,5.113933333333333394e+03
1.675435435435435272e+00,3.435465494791666852e-01,1.377970377604166574e-01,5.186564127604166297e-01,5.121899999999999636e+03
1.682441441441441254e+00,3.414815266927083148e-01,1.417439778645833426e-01,5.167744954427083703e-01,5.130166666666666970e+03
1.689447447447447237e+00,3.489176432291666852e-01,1.389567057291666574e-01,5.121256510416666297e-01,5.138233333333333576e+03
1.696453453453453442e+00,3.637288411458333148e-01,1.315511067708333426e-01,5.047200520833333703e-01,5.146399999999999636e+03
1.703459459459459424e+00,3.487955729166666852e-01,1.368815104166666574e-01,5.143229166666666297e-01,5.154366666666666788e+03
1.710465465465465407e+00,3.548482259114583148e-01,1.321004231770833426e-01,5.130513509114583703e-01,5.161933333333333394e+03
1.717471471471471389e+00,3.607584635416666852e-01,1.381022135416666574e-01,5.011393229166666297e-01,5.170100000000000364e+03
1.724477477477477372e+00,3.638509114583333148e-01,1.304524739583333426e-01,5.056966145833333703e-01,5.177333333333333030e+03
1.731483483483483354e+00,3.644205729166666852e-01,1.305338541666666574e-01,5.050455729166666297e-01,5.184699999999999818e+03
1.738489489489489337e+00,3.619791666666666852e-01,1.315104166666666574e-01,5.065104166666666297e-01,5.193466666666666242e+03
1.745495495495495319e+00,3.534749348958333148e-01,1.370442708333333426e-01,5.094807942708333703e-01,5.202366666666666788e+03
1.752501501501501302e+00,3.538411458333333148e-01,1.369222005208333426e-01,5.092366536458333703e-01,5.209500000000000000e+03
1.759507507507507285e+00,3.577473958333333148e-01,1.358235677083333426e-01,5.064290364583333703e-01,5.216733333333333576e+03
1.766513513513513489e+00,3.580729166666666852e-01,1.354166666666666574e-01,5.065104166666666297e-01,5.225366666666666788e+03
1.773519519519519472e+00,3.440755208333333148e-01,1.443684895833333426e-01,5.115559895833333703e-01,5.232933333333333394e+03
1.780525525525525454e+00,3.267415364583333148e-01,1.585286458333333426e-01,5.147298177083333703e-01,5.241533333333333758e+03
1.787531531531531437e+00,3.272298177083333148e-01,1.580403645833333426e-01,5.147298177083333703e-01,5.248466666666666242e+03
1.794537537537537419e+00,3.372395833333333148e-01,1.516927083333333426e-01,5.110677083333333703e-01,5.255100000000000364e+03
1.801543543543543402e+00,3.385416666666666852e-01,1.569010416666666574e-01,5.045572916666666297e-01,5.263500000000000000e+03
1.808549549549549385e+00,3.367106119791666852e-01,1.562906901041666574e-01,5.069986979166666297e-01,5.270433333333333394e+03
1.815555555555555367e+00,3.289388020833333148e-01,1.570943196614583426e-01,5.139668782552083703e-01,5.277399999999999636e+03
1.822561561561561350e+00,3.334554036458333148e-01,1.579793294270833426e-01,5.085652669270833703e-01,5.285466666666666242e+03
1.829567567567567554e+00,3.342692057291666852e-01,1.567789713541666574e-01,5.089518229166666297e-01,5.292199999999999818e+03
1.836573573573573537e+00,3.352864583333333148e-01,1.595052083333333426e-01,5.052083333333333703e-01,5.299933333333333394e+03
1.843579579579579519e+00,3.344930013020833148e-01,1.580403645833333426e-01,5.074666341145833703e-01,5.307366666666666788e+03
1.850585585585585502e+00,3.295084635416666852e-01,1.569010416666666574e-01,5.135904947916666297e-01,5.314166666666666970e+03
1.857591591591591484e+00,3.216145833333333148e-01,1.595052083333333426e-01,5.188802083333333703e-01,5.321766666666666424e+03
1.864597597597597467e+00,3.179117838541666852e-01,1.612955729166666574e-01,5.207926432291666297e-01,5.329199999999999818e+03
1.871603603603603450e+00,3.177693684895833148e-01,1.634114583333333426e-01,5.188191731770833703e-01,5.335800000000000182e+03
1.878609609609609432e+00,3.177897135416666852e-01,1.634928385416666574e-01,5.187174479166666297e-01,5.343500000000000000e+03
1.885615615615615415e+00,3.213602701822916852e-01,1.697489420572916574e-01,5.088907877604166297e-01,5.351100000000000364e+03
1.892621621621621397e+00,3.256123860677083148e-01,1.685994466145833426e-01,5.057881673177083703e-01,5.357466666666666242e+03
1.899627627627627602e+00,3.269551595052083148e-01,1.683247884114583426e-01,5.047200520833333703e-01,5.364666666666666970e+03
1.906633633633633584e+00,3.196614583333333148e-01,1.661580403645833426e-01,5.141805013020833703e-01,5.370633333333333212e+03
1.913639639639639567e+00,3.181966145833333148e-01,1.667073567708333426e-01,5.150960286458333703e-01,5.377466666666666242e+03
1.920645645645645549e+00,3.185628255208333148e-01,1.668294270833333426e-01,5.146077473958333703e-01,5.385166666666666970e+03
1.927651651651651532e+00,3.140055338541666852e-01,1.770426432291666574e-01,5.089518229166666297e-01,5.391800000000000182e+03
1.934657657657657515e+00,3.140970865885416852e-01,1.783548990885416574e-01,5.075480143229166297e-01,5.398733333333333576e+03
1.941663663663663497e+00,3.144938151041666852e-01,1.779581705729166574e-01,5.075480143229166297e-01,5.405600000000000364e+03
1.948669669669669480e+00,3.170979817708333148e-01,1.784261067708333426e-01,5.044759114583333703e-01,5.413966666666666242e+03
1.955675675675675462e+00,3.213297526041666852e-01,1.755167643229166574e-01,5.031534830729166297e-01,5.420666666666666970e+03
1.962681681681681667e+00,3.216145833333333148e-01,1.653645833333333426e-01,5.130208333333333703e-01,5.428333333333333030e+03
1.969687687687687649e+00,3.228352864583333148e-01,1.675618489583333426e-01,5.096028645833333703e-01,5.435033333333333758e+03
1.976693693693693632e+00,3.190511067708333148e-01,1.801350911458333426e-01,5.008138020833333703e-01,5.442433333333333394e+03
1.983699699699699615e+00,3.147481282552083148e-01,1.782735188802083426e-01,5.069783528645833703e-01,5.449833333333333030e+03
1.990705705705705597e+00,3.210957845052083148e-01,1.756184895833333426e-01,5.032857259114583703e-01,5.457033333333333758e+03
1.997711711711711580e+00,3.154703776041666852e-01,1.788126627604166574e-01,5.057169596354166297e-01,5.463266666666666424e+03
2.004717717717717562e+00,3.159383138020833148e-01,1.796468098958333426e-01,5.044148763020833703e-01,5.470966666666666242e+03
2.011723723723723545e+00,3.225911458333333148e-01,1.761067708333333426e-01,5.013020833333333703e-01,5.477500000000000000e+03
2.018729729729729527e+00,3.177083333333333148e-01,1.770833333333333426e-01,5.052083333333333703e-01,5.485066666666666606e+03
2.025735735735735510e+00,3.147786458333333148e-01,1.780598958333333426e-01,5.071614583333333703e-01,5.491766666666666424e+03
2.032741741741741492e+00,3.151041666666666852e-01,1.786295572916666574e-01,5.062662760416666297e-01,5.499000000000000000e+03
2.039747747747747475e+00,3.236490885416666852e-01,1.739298502604166574e-01,5.024210611979166297e-01,5.505233333333333576e+03
2.046753753753753458e+00,3.236897786458333148e-01,1.755574544270833426e-01,5.007527669270833703e-01,5.512533333333333758e+03
2.053759759759759440e+00,3.229573567708333148e-01,1.766713460286458426e-01,5.003712972005208703e-01,5.519600000000000364e+03
2.060765765765765867e+00,3.163655598958333148e-01,1.785481770833333426e-01,5.050862630208333703e-01,5.526666666666666970e+03
2.067771771771771849e+00,3.181864420572916852e-01,1.775919596354166574e-01,5.042215983072916297e-01,5.534233333333333576e+03
2.074777777777777832e+00,3.251546223958333148e-01,1.735432942708333426e-01,5.013020833333333703e-01,5.541666666666666970e+03
2.081783783783783814e+00,3.222249348958333148e-01,1.777547200520833426e-01,5.000203450520833703e-01,5.547699999999999818e+03
2.088789789789789797e+00,3.205973307291666852e-01,1.790568033854166574e-01,5.003458658854166297e-01,5.554533333333333758e+03
2.095795795795795780e+00,3.294474283854166852e-01,1.692606608072916574e-01,5.012919108072916297e-01,5.560866666666666788e+03
2.102801801801801762e+00,3.294576009114583148e-01,1.701863606770833426e-01,5.003560384114583703e-01,5.567199999999999818e+03
2.109807807807807745e+00,3.273111979166666852e-01,1.720987955729166574e-01,5.005900065104166297e-01,5.574766666666666424e+03
2.116813813813813727e+00,3.125203450520833148e-01,1.866658528645833426e-01,5.008138020833333703e-01,5.580699999999999818e+03
2.123819819819819710e+00,3.130696614583333148e-01,1.868489583333333426e-01,5.000813802083333703e-01,5.587633333333333212e+03
2.130825825825825692e+00,3.132731119791666852e-01,1.866251627604166574e-01,5.001017252604166297e-01,5.594100000000000364e+03
2.137831831831831675e+00,3.139851888020833148e-01,1.857503255208333426e-01,5.002644856770833703e-01,5.601633333333333212e+03
2.144837837837837657e+00,3.186238606770833148e-01,1.805318196614583426e-01,5.008443196614583703e-01,5.608633333333333212e+03
2.151843843843843640e+00,3.145345052083333148e-01,1.841634114583333426e-01,5.013020833333333703e-01,5.614966666666666242e+03
2.158849849849849623e+00,3.077799479166666852e-01,1.915690104166666574e-01,5.006510416666666297e-01,5.621366666666666788e+03
2.165855855855855605e+00,3.099161783854166852e-01,1.900431315104166574e-01,5.000406901041666297e-01,5.627733333333333576e+03
2.172861861861861588e+00,3.099568684895833148e-01,1.887410481770833426e-01,5.013020833333333703e-01,5.635000000000000000e+03
2.179867867867867570e+00,3.074747721354166852e-01,1.921183268229166574e-01,5.004069010416666297e-01,5.641533333333333758e+03
2.186873873873873553e+00,3.048502604166666852e-01,1.949869791666666574e-01,5.001627604166666297e-01,5.649300000000000182e+03
2.193879879879879979e+00,3.055826822916666852e-01,1.938883463541666574e-01,5.005289713541666297e-01,5.654733333333333576e+03
2.200885885885885962e+00,3.048502604166666852e-01,1.949869791666666574e-01,5.001627604166666297e-01,5.661300000000000182e+03
2.207891891891891945e+00,3.052571614583333148e-01,1.935628255208333426e-01,5.011800130208333703e-01,5.668399999999999636e+03
2.214897897897897927e+00,3.063151041666666852e-01,1.930338541666666574e-01,5.006510416666666297e-01,5.675500000000000000e+03
2.221903903903903910e+00,3.106282552083333148e-01,1.893513997395833426e-01,5.000203450520833703e-01,5.681399999999999636e+03
2.228909909909909892e+00,3.091634114583333148e-01,1.880696614583333426e-01,5.027669270833333703e-01,5.688199999999999818e+03
