# time,semantic,grammar,climb,minimum
1.000000000000000021e-03,4.629497528075925961e-01,3.700743415417188263e-17,5.370502471924073484e-01,3.296428571428571558e+03
8.006006006006005996e-03,2.724609374999893419e-01,1.017704439239726788e-16,7.275390625000106581e-01,3.271000000000000000e+03
1.501201201201201110e-02,3.897705078124930611e-01,3.700743415417188263e-17,6.102294921875069944e-01,3.301142857142857338e+03
2.201801801801801795e-02,4.178466796874616418e-01,5.551115123125782702e-17,5.821533203125383027e-01,3.324672619047618809e+03
2.902402402402402479e-02,4.218826293945363015e-01,4.144832625267251347e-15,5.781173706054595351e-01,3.337714285714285779e+03
3.603003003003003163e-02,4.338226318359335032e-01,7.401486830834376525e-17,5.661773681640663858e-01,3.362714285714285779e+03
4.303603603603603500e-02,4.040527343749982236e-01,1.850371707708594131e-17,5.959472656250017764e-01,3.398000000000000000e+03
5.004204204204204531e-02,4.683837890624930611e-01,3.700743415417188263e-17,5.316162109375069944e-01,3.406571428571428442e+03
5.704804804804804869e-02,4.998817443847547448e-01,2.334937798664782349e-15,5.001182556152429237e-01,3.425750000000000000e+03
6.405405405405405206e-02,4.843749999999861777e-01,2.878722851698148049e-78,5.156250000000140998e-01,3.454187500000000000e+03
7.106006006006006237e-02,4.841613769531123990e-01,1.850371707708594131e-17,5.158386230468875455e-01,3.470857142857142662e+03
7.806606606606607268e-02,4.882164001464823211e-01,9.251858538542970657e-18,5.117835998535177344e-01,3.495857142857142662e+03
8.507207207207206912e-02,4.848022460937606581e-01,6.476300976980080230e-17,5.151977539062393419e-01,3.523428571428571558e+03
9.207807807807807943e-02,4.817708333333333148e-01,2.034505208333333220e-05,5.182088216145833703e-01,3.552428571428571558e+03
9.908408408408408974e-02,4.909057617187500000e-01,1.850371707708594131e-17,5.090942382812500000e-01,3.575285714285714221e+03
1.060900900900900862e-01,4.954121907552083148e-01,2.263387044270833424e-04,5.043614705403646203e-01,3.604285714285714221e+03
1.130960960960960965e-01,4.999999999999884537e-01,1.850371707708594131e-17,5.000000000000115463e-01,3.630857142857142662e+03
1.201021021021021068e-01,4.996414184570054928e-01,3.700743415417188263e-17,5.003585815429945072e-01,3.652000000000000000e+03
1.271081081081081032e-01,4.999961853027756198e-01,1.850371707708594131e-17,5.000038146972244357e-01,3.677428571428571558e+03
1.341141141141141135e-01,4.987792968750000000e-01,3.700743415417188263e-17,5.012207031250000000e-01,3.699857142857142662e+03
1.411201201201201239e-01,4.999999998836829884e-01,9.251858538542970657e-18,5.000000001163168450e-01,3.720633928571428442e+03
1.481261261261261342e-01,4.973754882812420064e-01,3.700743415417188263e-17,5.026245117187579936e-01,3.751714285714285779e+03
1.551321321321321445e-01,4.892578124999997224e-01,1.850371707708594131e-17,5.107421875000003331e-01,3.781000000000000000e+03
1.621381381381381270e-01,4.995231628417943770e-01,3.700743415417188263e-17,5.004768371582055675e-01,3.801857142857142662e+03
1.691441441441441373e-01,4.996948242187464473e-01,3.700743415417188263e-17,5.003051757812534417e-01,3.829571428571428442e+03
1.761501501501501477e-01,4.992828369140689948e-01,7.864079757761525906e-17,5.007171630859308387e-01,3.854428571428571558e+03
1.831561561561561580e-01,4.926757812499909517e-01,4.625929269271485791e-17,5.073242187500089928e-01,3.867857142857142662e+03
1.901621621621621683e-01,4.951171874999941713e-01,7.864079757761525906e-17,5.048828125000057732e-01,3.889857142857142662e+03
1.971681681681681786e-01,4.996948242187415068e-01,1.850371707708594316e-16,5.003051757812583267e-01,3.906723214285714221e+03
2.041741741741741611e-01,4.967142740885416852e-01,6.357828776041666305e-04,5.026499430338541297e-01,3.935285714285714221e+03
2.111801801801801715e-01,4.999694824218759437e-01,4.452456921673805081e-17,5.000305175781240008e-01,3.955428571428571558e+03
2.181861861861861818e-01,4.992065429687365108e-01,1.850371707708594131e-17,5.007934570312634337e-01,3.975571428571428442e+03
2.251921921921921921e-01,4.999866485595671484e-01,4.625929269271485791e-17,5.000133514404327961e-01,4.002544642857143117e+03
2.321981981981982024e-01,4.999999999999961697e-01,4.625929269271485328e-18,5.000000000000036637e-01,4.022714285714285779e+03
2.392042042042042127e-01,4.956665039062431721e-01,5.088522196198633938e-17,5.043334960937567724e-01,4.051857142857142662e+03
2.462102102102102230e-01,4.940795898437488343e-01,1.850371707708594131e-17,5.059204101562511102e-01,4.077142857142857338e+03
2.532162162162162056e-01,4.912261962890587808e-01,1.850371707708594131e-17,5.087738037109411637e-01,4.096857142857143117e+03
2.602222222222222436e-01,4.858398437499948375e-01,2.127927463864883501e-15,5.141601562500031086e-01,4.130285714285714675e+03
2.672282282282282262e-01,4.936523437499981681e-01,1.850371707708594131e-17,5.063476562500018874e-01,4.156571428571428442e+03
2.742342342342342087e-01,4.931030273437498335e-01,3.700743415417188263e-17,5.068969726562501110e-01,4.185285714285714675e+03
2.812402402402402468e-01,4.953918310347888432e-01,9.251858538542970657e-18,5.046081689652109903e-01,4.203285714285714675e+03
2.882462462462462294e-01,4.897054036458333148e-01,3.865559895833333153e-04,5.099080403645833703e-01,4.233714285714285325e+03
2.952522522522522674e-01,4.997024536132772532e-01,1.341519488088730738e-16,5.002975463867226358e-01,4.253428571428571558e+03
3.022582582582582500e-01,4.892425537109308387e-01,7.864079757761525906e-17,5.107574462890691613e-01,4.278571428571428442e+03
3.092642642642642881e-01,4.989051818847634046e-01,7.864079757761525906e-17,5.010948181152365954e-01,4.298857142857143117e+03
3.162702702702702706e-01,4.955139011290120021e-01,4.996003610813204432e-16,5.044860988709874983e-01,4.328752976190476147e+03
3.232762762762762532e-01,4.997408390045134929e-01,1.295260195396016046e-16,5.002591609954863960e-01,4.348428571428571558e+03
3.302822822822822912e-01,4.999999999999957256e-01,1.165734175856414367e-15,5.000000000000031086e-01,4.374999999999999091e+03
3.372882882882882738e-01,4.991607666015603351e-01,3.700743415417188263e-17,5.008392333984396094e-01,4.400714285714285325e+03
3.442942942942943119e-01,4.997711181640593359e-01,4.625929269271485328e-18,5.002288818359406086e-01,4.415000000000000000e+03
3.513003003003002944e-01,4.999999999999909517e-01,1.017704439239726763e-15,5.000000000000079936e-01,4.441285714285714675e+03
3.583063063063063325e-01,4.995117187499997224e-01,1.017704439239726763e-15,5.004882812499992228e-01,4.467428571428571558e+03
3.653123123123123150e-01,4.999999999999927280e-01,5.782411586589357392e-17,5.000000000000072164e-01,4.477428571428571558e+03
3.723183183183182976e-01,4.999999999999986677e-01,5.666763354857569431e-17,5.000000000000012212e-01,4.504285714285714675e+03
3.793243243243243357e-01,4.993972778320312500e-01,3.700743415417188263e-17,5.006027221679687500e-01,4.522714285714285325e+03
3.863303303303303182e-01,4.999084472656199485e-01,1.850371707708594131e-17,5.000915527343799960e-01,4.550714285714285325e+03
3.933363363363363563e-01,4.999999999999995559e-01,1.850371707708594131e-17,5.000000000000004441e-01,4.571571428571428442e+03
4.003423423423423388e-01,4.970741271972627939e-01,7.401486830834376525e-17,5.029258728027371506e-01,4.597857142857143117e+03
4.073483483483483214e-01,4.982604980468720579e-01,1.453228706175751066e-16,5.017395019531277756e-01,4.622973214285713766e+03
4.143543543543543595e-01,4.998575846354166852e-01,4.069010416666666441e-05,5.001017252604166297e-01,4.642857142857143117e+03
4.213603603603603420e-01,4.997558593749982236e-01,1.850371707708594131e-17,5.002441406250017764e-01,4.659714285714285325e+03
4.283663663663663801e-01,4.999999999999995004e-01,1.850371707708594131e-17,5.000000000000005551e-01,4.677857142857143117e+03
4.353723723723723626e-01,4.995320638020833148e-01,4.475911458333333153e-04,5.000203450520833703e-01,4.707285714285714675e+03
4.423783783783784007e-01,4.999999999999948375e-01,4.625929269271485328e-18,5.000000000000052180e-01,4.731142857142856883e+03
4.493843843843843833e-01,4.994710286458333148e-01,3.255208333333333153e-04,5.002034505208333703e-01,4.760714285714285325e+03
4.563903903903903658e-01,4.999999999999989453e-01,3.700743415417188263e-17,5.000000000000009992e-01,4.780142857142856883e+03
4.633963963963964039e-01,4.999999999999889533e-01,5.204170427930421283e-16,5.000000000000105471e-01,4.803910714285713766e+03
4.704024024024023864e-01,4.997762044270833148e-01,5.086263020833333559e-05,5.001729329427083703e-01,4.834857142857143117e+03
4.774084084084084245e-01,4.998372395833333148e-01,8.138020833333332882e-05,5.000813802083333703e-01,4.851714285714285325e+03
4.844144144144144071e-01,4.999771118164057504e-01,9.251858538542970657e-18,5.000228881835943051e-01,4.868714285714285325e+03
4.914204204204204451e-01,4.980010986327982891e-01,4.625929269271485791e-17,5.019989013672017109e-01,4.888000000000000000e+03
4.984264264264264277e-01,4.993896484374973355e-01,3.700743415417188263e-17,5.006103515625026645e-01,4.908142857142856883e+03
5.054324324324324103e-01,4.986470540364583148e-01,2.339680989583333424e-04,5.011189778645833703e-01,4.933857142857143117e+03
5.124384384384383928e-01,4.999580383300778474e-01,7.864079757761525906e-17,5.000419616699220970e-01,4.956285714285714675e+03
5.194444444444444864e-01,4.996948242187470579e-01,3.700743415417188263e-17,5.003051757812528866e-01,4.980571428571428442e+03
5.264504504504504689e-01,4.996592203776041852e-01,2.390543619791666576e-04,5.001017252604166297e-01,5.010000000000000000e+03
5.334564564564564515e-01,4.996337890624997224e-01,4.625929269271485328e-18,5.003662109375001110e-01,5.031285714285714675e+03
5.404624624624624341e-01,4.974009195963541852e-01,8.646647135416667118e-05,5.025126139322916297e-01,5.058285714285714675e+03
5.474684684684684166e-01,4.990234374999985012e-01,3.700743415417188263e-17,5.009765625000013323e-01,5.079857142857143117e+03
5.544744744744745102e-01,4.982401529947916852e-01,1.749674479166666739e-03,5.000101725260416297e-01,5.108000000000000000e+03
5.614804804804804927e-01,4.989420572916666852e-01,8.951822916666666305e-04,5.001627604166666297e-01,5.128857142857143117e+03
5.684864864864864753e-01,4.999999999999997224e-01,7.864079757761525906e-17,5.000000000000002220e-01,5.151571428571428442e+03
5.754924924924924579e-01,4.997692108154283552e-01,3.700743415417188263e-17,5.002307891845715337e-01,5.175142857142856883e+03
5.824984984984985514e-01,4.999999999999967248e-01,3.700743415417188263e-17,5.000000000000031086e-01,5.197285714285714675e+03
5.895045045045045340e-01,4.996032714843732236e-01,3.700743415417188263e-17,5.003967285156267764e-01,5.219571428571428442e+03
5.965105105105105165e-01,4.993362426757797512e-01,3.700743415417188263e-17,5.006637573242200823e-01,5.244285714285714675e+03
6.035165165165164991e-01,4.984741210937484457e-01,2.775557561562891351e-17,5.015258789062515543e-01,5.267767857142856883e+03
6.105225225225224817e-01,4.997355143229166852e-01,1.932779947916666576e-04,5.000712076822916297e-01,5.292857142857143117e+03
6.175285285285285752e-01,4.998779296874998335e-01,3.700743415417188263e-17,5.001220703125001110e-01,5.313285714285714675e+03
6.245345345345345578e-01,4.999386072158809036e-01,8.326672684688674053e-17,5.000613927841189854e-01,5.337315476190476147e+03
6.315405405405405403e-01,4.999885559081936326e-01,3.700743415417188263e-17,5.000114440918063119e-01,5.359000000000000000e+03
6.385465465465465229e-01,4.995117187499958367e-01,8.326672684688674053e-17,5.004882812500039968e-01,5.380196428571428442e+03
6.455525525525525055e-01,4.997711181640558942e-01,5.088522196198633938e-17,5.002288818359440503e-01,5.402428571428571558e+03
6.525585585585585990e-01,4.999999999999991118e-01,3.700743415417188263e-17,5.000000000000008882e-01,5.423142857142856883e+03
6.595645645645645816e-01,4.999999999999993339e-01,1.850371707708594131e-17,5.000000000000005551e-01,5.444857142857143117e+03
6.665705705705705642e-01,4.999389648437490563e-01,4.625929269271485328e-18,5.000610351562508882e-01,5.465285714285714675e+03
6.735765765765765467e-01,4.999999999999989453e-01,3.700743415417188263e-17,5.000000000000009992e-01,5.492571428571428442e+03
6.805825825825825293e-01,4.988606770833333148e-01,1.134236653645833261e-03,5.000050862630208703e-01,5.517428571428571558e+03
6.875885885885886228e-01,4.999999999999993894e-01,1.850371707708594131e-17,5.000000000000005551e-01,5.534571428571428442e+03
6.945945945945946054e-01,4.999999999999942268e-01,3.700743415417188263e-17,5.000000000000056621e-01,5.561142857142856883e+03
7.016006006006005880e-01,4.996134440104166852e-01,3.458658854166666847e-04,5.000406901041666297e-01,5.583714285714285325e+03
7.086066066066065705e-01,4.997711181640611122e-01,4.625929269271485791e-17,5.002288818359388323e-01,5.604142857142856883e+03
7.156126126126126641e-01,4.998779296874989453e-01,3.700743415417188263e-17,5.001220703125009992e-01,5.622142857142856883e+03
7.226186186186186466e-01,4.999999999999991118e-01,3.700743415417188263e-17,5.000000000000008882e-01,5.640428571428571558e+03
7.296246246246246292e-01,4.999237060546874445e-01,7.459310946700270506e-17,5.000762939453125000e-01,5.663553571428571558e+03
7.366306306306306118e-01,4.994505941867828369e-01,4.625929269271485328e-18,5.005494058132171631e-01,5.683285714285714675e+03
7.436366366366365943e-01,4.999999999999991118e-01,3.700743415417188263e-17,5.000000000000008882e-01,5.705857142857143117e+03
7.506426426426426879e-01,4.995155334472650144e-01,4.163336342344337027e-17,5.004844665527348191e-01,5.726196428571429351e+03
7.576486486486486704e-01,5.000000000000000000e-01,3.700743415417188263e-17,5.000000000000000000e-01,5.749000000000000000e+03
7.646546546546546530e-01,4.999999999999989453e-01,3.700743415417188263e-17,5.000000000000009992e-01,5.776285714285714675e+03
7.716606606606606356e-01,4.999074954539530213e-01,4.510281037539698445e-17,5.000925045460469232e-01,5.798464285714286234e+03
7.786666666666666181e-01,4.999694824218750000e-01,3.700743415417188263e-17,5.000305175781250000e-01,5.822857142857143117e+03
7.856726726726727117e-01,4.984855651854305236e-01,3.700743415417188263e-17,5.015144348145694764e-01,5.844000000000000000e+03
7.926786786786786942e-01,4.992675781249983902e-01,3.700743415417188263e-17,5.007324218750016653e-01,5.869285714285714675e+03
7.996846846846846768e-01,4.992980957031235012e-01,3.700743415417188263e-17,5.007019042968763323e-01,5.889714285714285325e+03
8.066906906906906594e-01,4.999952316284164144e-01,2.775557561562891351e-17,5.000047683715835856e-01,5.911339285714284415e+03
8.136966966966966419e-01,4.999847412109351130e-01,2.775557561562891351e-17,5.000152587890647204e-01,5.934571428571429351e+03
8.207027027027027355e-01,4.995320638020833148e-01,3.560384114583333153e-04,5.001118977864583703e-01,5.957428571428571558e+03
8.277087087087087180e-01,4.998931884765624445e-01,4.163336342344337027e-17,5.001068115234375000e-01,5.973065476190477057e+03
8.347147147147147006e-01,4.995625813802083148e-01,4.018147786458333153e-04,5.000356038411458703e-01,5.998428571428571558e+03
8.417207207207206832e-01,4.985758463541666852e-01,1.383463541666666739e-03,5.000406901041666297e-01,6.022571428571428442e+03
8.487267267267267767e-01,4.987767537434895648e-01,7.069905598958333695e-04,5.005162556966146203e-01,6.046000000000000000e+03
8.557327327327327593e-01,4.999389648437485012e-01,3.700743415417188263e-17,5.000610351562513323e-01,6.064000000000000000e+03
8.627387387387387419e-01,4.995117187499998335e-01,7.401486830834376525e-17,5.004882812500001110e-01,6.083508928571427532e+03
8.697447447447447244e-01,4.998677571614583148e-01,5.086263020833333051e-06,5.001271565755208703e-01,6.106714285714285325e+03
8.767507507507507070e-01,4.999999944120620543e-01,4.510281037539698445e-17,5.000000055879378902e-01,6.125696428571429351e+03
8.837567567567568005e-01,4.999999999997744027e-01,3.700743415417188263e-17,5.000000000002255973e-01,6.151000000000000000e+03
8.907627627627627831e-01,4.994303385416666852e-01,1.627604166666666576e-04,5.004069010416666297e-01,6.176571428571428442e+03
8.977687687687687657e-01,4.961420694986979352e-01,3.710428873697916522e-03,5.001475016276041297e-01,6.196142857142856883e+03
9.047747747747747482e-01,4.979858398435983990e-01,1.894780628693600390e-14,5.020141601563826717e-01,6.208142857142856883e+03
9.117807807807807308e-01,4.999542236328124445e-01,3.238150488490040115e-17,5.000457763671875000e-01,6.225142857142856883e+03
9.187867867867868243e-01,4.999999999999991118e-01,3.700743415417188263e-17,5.000000000000008882e-01,6.244142857142856883e+03
9.257927927927928069e-01,4.999999999999991118e-01,3.700743415417188263e-17,5.000000000000007772e-01,6.267000000000000000e+03
9.327987987987987895e-01,4.999857097864146560e-01,3.700743415417188263e-17,5.000142902135853440e-01,6.287857142857143117e+03
9.398048048048047720e-01,4.988861680030815537e-01,3.700743415417188263e-17,5.011138319969185018e-01,6.305428571428571558e+03
9.468108108108107546e-01,4.999999999999995004e-01,3.238150488490040115e-17,5.000000000000004441e-01,6.324285714285714675e+03
9.538168168168168481e-01,4.990234374999991118e-01,3.700743415417188263e-17,5.009765625000007772e-01,6.345000000000000000e+03
9.608228228228228307e-01,4.990234374999997224e-01,7.864079757761525906e-17,5.009765625000002220e-01,6.365428571428571558e+03
9.678288288288288133e-01,4.993896484374983902e-01,4.510281037539698445e-17,5.006103515625016653e-01,6.386267857142856883e+03
9.748348348348347958e-01,4.989013671874986677e-01,3.700743415417188263e-17,5.010986328125013323e-01,6.406857142857143117e+03
9.818408408408408894e-01,4.990234374999982236e-01,3.700743415417188263e-17,5.009765625000016653e-01,6.425285714285714675e+03
9.888468468468468719e-01,4.993286132812493339e-01,2.775557561562891351e-17,5.006713867187506661e-01,6.447250000000000000e+03
9.958528528528528545e-01,4.994608561197916852e-01,2.237955729166666576e-04,5.003153483072916297e-01,6.471571428571428442e+03
1.002858858858858726e+00,4.998636245727512972e-01,2.878722851698148049e-78,5.001363754272486473e-01,6.484500000000000000e+03
1.009864864864864709e+00,4.998779296874986677e-01,1.457167719820517959e-16,5.001220703125012212e-01,6.509095238095237619e+03
1.016870870870870691e+00,4.991455078124992784e-01,3.700743415417188263e-17,5.008544921875007772e-01,6.528285714285714675e+03
1.023876876876876674e+00,4.999999999999988343e-01,3.700743415417188263e-17,5.000000000000011102e-01,6.550857142857143117e+03
1.030882882882882878e+00,4.996566772460913630e-01,3.700743415417188263e-17,5.003433227539084704e-01,6.568428571428571558e+03
1.037888888888888861e+00,4.999713897705078125e-01,4.625929269271485328e-18,5.000286102294921875e-01,6.586428571428571558e+03
1.044894894894894843e+00,4.999732971191391262e-01,3.700743415417188263e-17,5.000267028808607073e-01,6.605142857142856883e+03
1.051900900900900826e+00,4.999694824218745559e-01,4.741577501003272519e-17,5.000305175781254441e-01,6.621142857142856883e+03
1.058906906906906809e+00,4.999845027923592866e-01,4.625929269271485328e-18,5.000154972076407134e-01,6.641142857142856883e+03
1.065912912912912791e+00,4.997151692708333148e-01,2.034505208333333424e-04,5.000813802083333703e-01,6.666285714285714675e+03
1.072918918918918774e+00,4.995727539062473355e-01,3.700743415417188263e-17,5.004272460937526645e-01,6.679142857142856883e+03
1.079924924924924756e+00,4.986216227213541852e-01,4.221598307291666847e-04,5.009562174479166297e-01,6.703000000000000000e+03
1.086930930930930739e+00,4.999999999999991673e-01,5.088522196198633938e-17,5.000000000000007772e-01,6.717428571428571558e+03
1.093936936936936721e+00,4.980748494466145648e-01,2.415974934895833424e-04,5.016835530598958703e-01,6.742142857142856883e+03
1.100942942942942926e+00,4.995524088541666852e-01,1.017252604166666712e-04,5.003458658854166297e-01,6.756714285714285325e+03
1.107948948948948908e+00,4.981060028076189083e-01,4.163336342344337027e-17,5.018939971923810361e-01,6.774044642857143117e+03
1.114954954954954891e+00,4.974924723307291852e-01,1.261393229166666739e-03,5.012461344401041297e-01,6.799857142857143117e+03
1.121960960960960874e+00,4.999999999999989453e-01,4.510281037539698445e-17,5.000000000000009992e-01,6.810919642857144026e+03
1.128966966966966856e+00,4.980061848958333148e-01,1.607259114583333261e-03,5.003865559895833703e-01,6.835428571428571558e+03
1.135972972972972839e+00,4.997558593749982792e-01,4.625929269271485791e-17,5.002441406250016653e-01,6.842714285714285325e+03
1.142978978978978821e+00,4.999847412109383882e-01,3.700743415417188263e-17,5.000152587890616118e-01,6.858857142857143117e+03
1.149984984984984804e+00,4.999999999999985012e-01,3.700743415417188263e-17,5.000000000000014433e-01,6.880142857142856883e+03
1.156990990990990786e+00,4.998168945312484457e-01,2.775557561562891351e-17,5.001831054687515543e-01,6.897517857142857792e+03
1.163996996996996991e+00,4.999618530273421957e-01,3.700743415417188263e-17,5.000381469726578043e-01,6.915142857142856883e+03
1.171003003003002974e+00,7.356618245442708703e-01,8.595784505208333695e-04,2.634785970052083148e-01,6.580571428571428442e+03
1.178009009009008956e+00,7.350870768229166297e-01,2.543131510416666847e-04,2.646586100260416852e-01,6.596000000000000000e+03
1.185015015015014939e+00,7.361755371093744449e-01,4.625929269271485328e-18,2.638244628906254996e-01,6.610857142857143117e+03
1.192021021021020921e+00,7.424163818359371669e-01,1.572815951552305181e-16,2.575836181640626665e-01,6.625178571428570649e+03
1.199027027027026904e+00,7.488899230957030140e-01,4.625929269271485328e-18,2.511100769042971526e-01,6.634428571428571558e+03
1.206033033033032886e+00,7.486114501953121669e-01,1.572815951552305181e-16,2.513885498046876665e-01,6.649517857142857792e+03
1.213039039039038869e+00,7.485707600911458703e-01,9.663899739583332882e-05,2.513326009114583148e-01,6.667857142857143117e+03
1.220045045045044851e+00,7.491315205891927453e-01,3.560384114583333559e-05,2.508328755696614398e-01,6.680428571428571558e+03
1.227051051051050834e+00,7.426656087239583703e-01,3.560384114583333559e-05,2.572987874348958148e-01,6.690857142857143117e+03
1.234057057057057039e+00,7.480468749999996669e-01,7.401486830834376525e-17,2.519531250000001665e-01,6.704714285714285325e+03
1.241063063063063021e+00,7.480163574218746669e-01,1.572815951552305181e-16,2.519836425781251665e-01,6.716017857142856883e+03
1.248069069069069004e+00,7.487284342447916297e-01,1.261393229166666739e-03,2.500101725260416852e-01,6.731285714285714675e+03
1.255075075075074986e+00,7.440694173177083703e-01,6.535847981770833695e-04,2.552769978841145648e-01,6.746142857142856883e+03
1.262081081081080969e+00,7.474466959635416297e-01,1.261393229166666739e-03,2.512919108072916852e-01,6.760142857142856883e+03
1.269087087087086951e+00,7.472063700358072547e-01,1.448313395182291739e-03,2.513453165690104352e-01,6.774571428571428442e+03
1.276093093093092934e+00,7.457911173502603797e-01,3.191630045572916522e-03,2.510172526041666852e-01,6.787142857142856883e+03
1.283099099099098916e+00,7.473576863606771203e-01,1.309712727864583261e-03,2.513326009114583148e-01,6.801428571428571558e+03
1.290105105105104899e+00,7.421951293945282524e-01,7.401486830834376525e-17,2.578048706054716921e-01,6.808571428571428442e+03
1.297111111111111104e+00,7.434972127278646203e-01,6.306966145833333695e-04,2.558720906575520648e-01,6.822285714285714675e+03
1.304117117117117086e+00,7.431875864664713172e-01,4.946390787760416305e-04,2.563177744547526227e-01,6.832000000000000000e+03
1.311123123123123069e+00,7.433764139811197547e-01,5.873362223307291956e-03,2.507502237955729352e-01,6.846142857142856883e+03
1.318129129129129051e+00,7.401987711588541297e-01,5.594889322916666441e-05,2.597452799479166852e-01,6.856428571428571558e+03
1.325135135135135034e+00,7.457478841145833703e-01,4.170735677083333044e-03,2.500813802083333148e-01,6.867857142857143117e+03
1.332141141141141016e+00,7.493896484375000000e-01,1.572815951552305181e-16,2.506103515624998335e-01,6.878214285714285325e+03
1.339147147147146999e+00,7.492065429687310152e-01,9.473903143468001952e-15,2.507934570312594924e-01,6.889428571428571558e+03
1.346153153153152982e+00,7.493324279785139597e-01,9.251858538542970657e-18,2.506675720214859848e-01,6.895285714285714675e+03
1.353159159159158964e+00,7.473972638448079797e-01,3.245671590169270653e-04,2.522781689961751117e-01,6.912571428571428442e+03
1.360165165165164947e+00,7.492192586263021203e-01,7.527669270833333695e-04,2.500279744466145648e-01,6.923714285714285325e+03
1.367171171171171151e+00,7.499389648437496669e-01,4.625929269271485328e-18,2.500610351562503886e-01,6.932142857142856883e+03
1.374177177177177134e+00,7.493642171223958703e-01,6.306966145833333695e-04,2.500050862630208148e-01,6.946428571428571558e+03
1.381183183183183116e+00,7.489433288574213199e-01,4.625929269271485328e-18,2.510566711425786246e-01,6.955571428571428442e+03
1.388189189189189099e+00,7.479604085286458703e-01,5.391438802083333695e-04,2.515004475911458148e-01,6.968857142857143117e+03
1.395195195195195081e+00,7.490698496500650672e-01,2.428690592447916576e-04,2.506872812906901227e-01,6.981000000000000000e+03
1.402201201201201064e+00,7.490793863932291297e-01,4.679361979166666847e-04,2.504526774088541852e-01,6.994000000000000000e+03
1.409207207207207047e+00,7.472890218098958703e-01,2.705891927083333478e-03,2.500050862630208148e-01,7.004714285714285325e+03
1.416213213213213029e+00,7.476298014322916297e-01,2.298990885416666522e-03,2.500712076822916852e-01,7.015000000000000000e+03
1.423219219219219012e+00,7.483622233072916297e-01,1.558939615885416739e-03,2.500788370768229352e-01,7.027428571428571558e+03
1.430225225225225216e+00,7.474619547526041297e-01,1.879374186197916739e-03,2.506586710611979352e-01,7.037857142857143117e+03
1.437231231231231199e+00,7.485758463541666297e-01,1.154581705729166739e-03,2.502695719401041852e-01,7.046857142857143117e+03
1.444237237237237181e+00,7.480723063151041297e-01,4.603068033854166847e-04,2.514673868815104352e-01,7.061428571428571558e+03
1.451243243243243164e+00,7.488683064778646203e-01,5.696614583333333695e-04,2.505620320638020648e-01,7.076571428571428442e+03
1.458249249249249146e+00,7.492713928222641817e-01,5.551115123125782702e-17,2.507286071777357628e-01,7.082672619047618355e+03
1.465255255255255129e+00,7.454427083333333703e-01,4.475911458333333044e-03,2.500813802083333148e-01,7.099285714285714675e+03
1.472261261261261112e+00,7.449467976888021203e-01,4.313786824544270544e-03,2.507394154866536273e-01,7.108571428571428442e+03
1.479267267267267094e+00,7.440999348958333703e-01,5.711873372395833044e-03,2.501881917317708148e-01,7.120571428571428442e+03
1.486273273273273077e+00,7.488505045572916297e-01,7.120768229166667118e-05,2.510782877604166852e-01,7.131285714285714675e+03
1.493279279279279059e+00,7.477213541666666297e-01,2.237955729166666576e-04,2.520548502604166852e-01,7.140000000000000000e+03
1.500285285285285264e+00,7.469304402669271203e-01,9.206136067708333695e-04,2.521489461263020648e-01,7.152000000000000000e+03
1.507291291291291246e+00,7.479604085286458703e-01,1.576741536458333424e-04,2.518819173177083148e-01,7.162142857142856883e+03
1.514297297297297229e+00,7.478434244791666297e-01,1.932779947916666576e-04,2.519632975260416852e-01,7.171571428571428442e+03
1.521303303303303212e+00,7.477467854817708703e-01,8.900960286458332882e-05,2.521642049153645648e-01,7.181571428571428442e+03
1.528309309309309194e+00,7.473958333333333703e-01,1.294453938802083261e-03,2.513097127278645648e-01,7.196714285714285325e+03
1.535315315315315177e+00,7.487271626790364953e-01,1.225789388020833261e-03,2.500470479329426898e-01,7.203571428571428442e+03
1.542321321321321159e+00,7.495702107747396203e-01,7.375081380208332882e-05,2.503560384114583148e-01,7.214571428571428442e+03
1.549327327327327142e+00,7.498728434244791297e-01,9.409586588541667118e-05,2.500330607096354352e-01,7.224857142857143117e+03
1.556333333333333124e+00,7.496134440104166297e-01,3.153483072916666847e-04,2.500712076822916852e-01,7.236714285714285325e+03
1.563339339339339329e+00,7.483495076497396203e-01,1.462300618489583261e-03,2.501881917317708148e-01,7.247285714285714675e+03
1.570345345345345311e+00,7.484029134114583703e-01,1.286824544270833261e-03,2.503102620442708148e-01,7.257285714285714675e+03
1.577351351351351294e+00,7.490463221911339842e-01,6.418476861114186249e-17,2.509536778088659048e-01,7.263717261904762381e+03
1.584357357357357277e+00,7.484944661458333703e-01,8.138020833333332882e-05,2.514241536458333148e-01,7.280285714285714675e+03
1.591363363363363259e+00,7.498067220052083703e-01,1.881917317708333424e-04,2.500050862630208148e-01,7.288428571428571558e+03
1.598369369369369242e+00,7.499389648437496669e-01,9.251858538542970657e-18,2.500610351562503886e-01,7.294857142857143117e+03
1.605375375375375224e+00,7.498009999593099328e-01,4.514058430989583559e-05,2.501538594563801898e-01,7.306428571428571558e+03
1.612381381381381207e+00,7.493489583333333703e-01,5.696614583333333695e-04,2.500813802083333148e-01,7.319714285714285325e+03
1.619387387387387189e+00,7.486826578776041297e-01,9.562174479166666305e-04,2.503611246744791852e-01,7.328000000000000000e+03
1.626393393393393172e+00,7.487805684407552453e-01,4.571278889973958153e-04,2.507623036702473773e-01,7.339142857142856883e+03
1.633399399399399377e+00,7.497100830078125000e-01,9.251858538542970657e-18,2.502899169921875555e-01,7.343857142857143117e+03
1.640405405405405359e+00,7.499542236328107236e-01,1.526556658859590243e-16,2.500457763671891098e-01,7.349952380952380736e+03
1.647411411411411342e+00,7.493642171223958703e-01,9.663899739583332882e-05,2.505391438802083148e-01,7.366142857142856883e+03
1.654417417417417324e+00,7.482503255208333703e-01,7.222493489583333695e-04,2.510274251302083148e-01,7.379000000000000000e+03
1.661423423423423307e+00,7.490889231363931922e-01,8.951822916666666305e-04,2.500158945719401227e-01,7.390285714285714675e+03
1.668429429429429289e+00,7.478230794270833703e-01,2.126057942708333478e-03,2.500508626302083148e-01,7.400571428571428442e+03
1.675435435435435272e+00,7.498372395833333703e-01,8.138020833333332882e-05,2.500813802083333148e-01,7.406428571428571558e+03
1.682441441441441254e+00,7.499287923177083703e-01,2.797444661458333220e-05,2.500432332356770648e-01,7.414000000000000000e+03
1.689447447447447237e+00,7.493883768717447547e-01,5.327860514322916305e-04,2.500788370768229352e-01,7.424714285714285325e+03
1.696453453453453442e+00,7.496617635091146203e-01,1.920064290364583424e-04,2.501462300618489398e-01,7.437428571428571558e+03
1.703459459459459424e+00,7.486775716145833703e-01,9.053548177083333695e-04,2.504170735677083148e-01,7.449285714285714675e+03
1.710465465465465407e+00,7.472330729166666297e-01,2.619425455729166522e-03,2.501475016276041852e-01,7.458714285714285325e+03
1.717471471471471389e+00,7.499999999999970024e-01,5.551115123125782702e-17,2.500000000000029421e-01,7.463779761904762381e+03
1.724477477477477372e+00,7.461751302083333703e-01,3.758748372395833478e-03,2.500661214192708148e-01,7.472571428571428442e+03
1.731483483483483354e+00,7.458101908365885047e-01,4.139582316080729456e-03,2.500502268473307477e-01,7.479142857142856883e+03
1.738489489489489337e+00,7.465311686197916297e-01,3.458658854166666522e-03,2.500101725260416852e-01,7.488857142857143117e+03
1.745495495495495319e+00,7.459386189778646203e-01,3.987630208333333044e-03,2.500737508138020648e-01,7.496857142857143117e+03
1.752501501501501302e+00,7.452977498372396203e-01,4.536946614583333044e-03,2.501653035481770648e-01,7.508714285714285325e+03
1.759507507507507285e+00,7.461802164713541297e-01,3.809611002604166522e-03,2.500101725260416852e-01,7.518142857142856883e+03
1.766513513513513489e+00,7.443644205729166297e-01,5.625406901041666956e-03,2.500101725260416852e-01,7.528285714285714675e+03
1.773519519519519472e+00,7.467397054036458703e-01,2.614339192708333478e-03,2.506459554036458148e-01,7.539571428571428442e+03
1.780525525525525454e+00,7.499389648437491118e-01,9.251858538542970657e-18,2.500610351562509437e-01,7.545000000000000000e+03
1.787531531531531437e+00,7.489560445149739953e-01,3.789265950520833153e-04,2.506650288899739398e-01,7.556428571428571558e+03
1.794537537537537419e+00,7.496897379557291297e-01,3.000895182291666847e-04,2.500101725260416852e-01,7.569714285714285325e+03
1.801543543543543402e+00,7.483317057291666297e-01,1.520792643229166739e-03,2.501475016276041852e-01,7.578571428571428442e+03
1.808549549549549385e+00,7.493387858072916297e-01,3.306070963541666847e-04,2.503306070963541852e-01,7.586571428571428442e+03
1.815555555555555367e+00,7.491022745768228797e-01,8.722941080729166305e-04,2.500254313151041852e-01,7.592285714285714675e+03
1.822561561561561350e+00,7.488962809244791297e-01,1.063028971354166739e-03,2.500406901041666852e-01,7.603000000000000000e+03
1.829567567567567554e+00,7.481587727864583703e-01,1.622517903645833261e-03,2.502187093098958148e-01,7.614857142857143117e+03
1.836573573573573537e+00,7.452913920084635047e-01,4.046122233072916956e-03,2.506624857584635602e-01,7.623142857142856883e+03
1.843579579579579519e+00,7.421201070149739953e-01,7.878621419270833912e-03,2.500012715657551898e-01,7.632285714285714675e+03
1.850585585585585502e+00,7.372830708821614953e-01,1.057561238606770891e-02,2.521413167317708148e-01,7.644571428571428442e+03
1.857591591591591484e+00,7.499999999999996669e-01,5.551115123125782702e-17,2.500000000000002776e-01,7.642973214285713766e+03
1.864597597597597467e+00,7.440846761067708703e-01,5.856831868489583044e-03,2.500584920247395648e-01,7.657285714285714675e+03
1.871603603603603450e+00,7.434895833333333703e-01,6.245930989583333044e-03,2.502644856770833148e-01,7.664714285714285325e+03
1.878609609609609432e+00,7.438557942708333703e-01,5.620320638020833044e-03,2.505238850911458148e-01,7.671857142857143117e+03
1.885615615615615415e+00,7.447713216145833703e-01,4.811604817708333044e-03,2.504170735677083148e-01,7.681571428571428442e+03
1.892621621621621397e+00,7.442118326822916297e-01,5.320231119791666956e-03,2.504679361979166852e-01,7.689000000000000000e+03
1.899627627627627602e+00,7.446645100911458703e-01,5.055745442708333044e-03,2.502797444661458148e-01,7.697285714285714675e+03
1.906633633633633584e+00,7.466176350911458703e-01,1.439412434895833261e-03,2.519429524739583148e-01,7.704857142857143117e+03
1.913639639639639567e+00,7.443567911783853797e-01,5.640665690104166956e-03,2.500025431315104352e-01,7.713857142857143117e+03
1.920645645645645549e+00,7.446543375651041297e-01,5.121866861979166956e-03,2.502237955729166852e-01,7.721428571428571558e+03
1.927651651651651532e+00,7.456754048665364953e-01,4.082997639973958044e-03,2.502415974934895648e-01,7.728857142857143117e+03
1.934657657657657515e+00,7.444636027018228797e-01,4.233996073404948206e-03,2.513024012247721539e-01,7.739000000000000000e+03
1.941663663663663497e+00,7.456563313802083703e-01,4.239400227864583044e-03,2.501042683919270648e-01,7.745428571428571558e+03
1.948669669669669480e+00,7.443644205729166297e-01,4.831949869791666956e-03,2.508036295572916852e-01,7.753142857142856883e+03
1.955675675675675462e+00,7.456792195638021203e-01,4.111607869466145544e-03,2.502091725667317523e-01,7.761571428571428442e+03
1.962681681681681667e+00,7.456766764322916297e-01,4.099527994791666956e-03,2.502237955729166852e-01,7.772000000000000000e+03
1.969687687687687649e+00,7.486521402994791297e-01,1.154581705729166739e-03,2.501932779947916852e-01,7.781285714285714675e+03
1.976693693693693632e+00,7.393163045247396203e-01,1.032002766927083391e-02,2.503636678059895648e-01,7.789428571428571558e+03
1.983699699699699615e+00,7.391001383463541297e-01,1.040140787760416609e-02,2.504984537760416852e-01,7.798285714285714675e+03
1.990705705705705597e+00,7.491811116536458703e-01,5.849202473958333695e-04,2.502339680989583148e-01,7.805142857142856883e+03
1.997711711711711580e+00,7.486661275227864953e-01,1.134236653645833261e-03,2.501996358235676898e-01,7.817142857142856883e+03
2.004717717717717562e+00,7.420209248860677453e-01,7.958730061848958912e-03,2.500203450520833148e-01,7.821571428571428442e+03
2.011723723723723545e+00,7.407430013020833703e-01,9.053548177083333912e-03,2.502034505208333148e-01,7.829428571428571558e+03
2.018729729729729527e+00,7.408955891927083703e-01,8.931477864583333912e-03,2.501729329427083148e-01,7.837000000000000000e+03
2.025735735735735510e+00,7.418009440104166297e-01,7.990519205729166088e-03,2.502085367838541852e-01,7.844000000000000000e+03
2.032741741741741492e+00,7.385457356770833703e-01,1.143391927083333391e-02,2.500203450520833148e-01,7.852142857142856883e+03
2.039747747747747475e+00,7.400423685709635047e-01,9.840647379557291088e-03,2.501169840494791852e-01,7.859571428571428442e+03
2.046753753753753458e+00,7.419077555338541297e-01,8.074442545572916088e-03,2.500178019205729352e-01,7.864714285714285325e+03
2.053759759759759440e+00,7.410608927408853797e-01,8.623758951822916088e-03,2.503153483072916852e-01,7.874428571428571558e+03
2.060765765765765867e+00,7.410914103190103797e-01,8.425394694010416088e-03,2.504831949869791852e-01,7.881142857142856883e+03
2.067771771771771849e+00,7.406412760416666297e-01,9.256998697916666088e-03,2.501017252604166852e-01,7.886714285714285325e+03
2.074777777777777832e+00,7.410456339518228797e-01,8.864084879557291088e-03,2.500902811686198102e-01,7.895142857142856883e+03
2.081783783783783814e+00,7.422078450520833703e-01,7.771809895833333044e-03,2.500203450520833148e-01,7.903142857142856883e+03
2.088789789789789797e+00,7.435201009114583703e-01,6.413777669270833044e-03,2.500661214192708148e-01,7.910000000000000000e+03
2.095795795795795780e+00,7.436574300130208703e-01,6.341298421223958044e-03,2.500012715657551898e-01,7.915714285714285325e+03
2.102801801801801762e+00,7.439854939778646203e-01,5.994160970052083044e-03,2.500203450520833148e-01,7.922142857142856883e+03
2.109807807807807745e+00,7.432009379069010047e-01,6.758371988932291956e-03,2.500406901041666852e-01,7.928571428571428442e+03
2.116813813813813727e+00,7.437845865885416297e-01,6.205240885416666956e-03,2.500101725260416852e-01,7.936000000000000000e+03
2.123819819819819710e+00,7.499694824218745559e-01,9.251858538542970657e-18,2.500305175781253886e-01,7.940714285714285325e+03
2.130825825825825692e+00,7.478612263997396203e-01,2.087910970052083478e-03,2.500508626302083148e-01,7.953571428571428442e+03
2.137831831831831675e+00,7.498321533203121669e-01,1.480297366166875305e-16,2.501678466796876665e-01,7.958205357142856883e+03
2.144837837837837657e+00,7.498168945312498890e-01,5.782411586589357392e-17,2.501831054687500555e-01,7.963428571428571558e+03
2.151843843843843640e+00,7.440592447916666297e-01,5.930582682291666956e-03,2.500101725260416852e-01,7.974142857142856883e+03
2.158849849849849623e+00,7.440401713053385047e-01,5.659739176432291956e-03,2.503000895182291852e-01,7.981142857142856883e+03
2.165855855855855605e+00,7.480290730794271203e-01,1.004536946614583288e-04,2.518704732259114398e-01,7.988428571428571558e+03
2.172861861861861588e+00,7.480468750000000000e-01,5.782411586589357392e-17,2.519531249999999445e-01,7.990714285714285325e+03
2.179867867867867570e+00,7.467549641927083703e-01,2.538045247395833478e-03,2.507069905598958148e-01,8.004285714285714675e+03
2.186873873873873553e+00,7.469202677408853797e-01,7.883707682291667118e-05,2.530008951822916852e-01,8.009714285714285325e+03
2.193879879879879979e+00,7.463150024414054728e-01,5.782411586589357392e-17,2.536849975585942496e-01,8.014571428571428442e+03
2.200885885885885962e+00,7.454808553059896203e-01,1.424153645833333424e-04,2.543767293294270648e-01,8.024714285714285325e+03
2.207891891891891945e+00,7.428334554036458703e-01,1.424153645833333424e-04,2.570241292317708148e-01,8.031142857142856883e+03
2.214897897897897927e+00,7.200953165690103797e-01,2.947489420572916782e-02,2.504297892252604352e-01,8.032142857142856883e+03
2.221903903903903910e+00,8.504231770833333703e-01,6.306966145833333695e-04,1.489461263020833426e-01,7.837857142857143117e+03
2.228909909909909892e+00,8.501688639322916297e-01,1.017252604166666712e-04,1.497294108072916574e-01,7.846714285714285325e+03
