# time,semantic,grammar,climb,minimum
1.000000000000000021e-03,4.156087239583333148e-01,5.652364095052083565e-02,5.278676350911458703e-01,1.716750000000000000e+03
8.006006006006005996e-03,4.263509114583333148e-01,7.344563802083332871e-02,5.002034505208333703e-01,1.723125000000000000e+03
1.501201201201201110e-02,4.138387044270833148e-01,7.240804036458332871e-02,5.137532552083333703e-01,1.728250000000000000e+03
2.201801801801801795e-02,4.341684977213541852e-01,6.510416666666667129e-02,5.007273356119791297e-01,1.728750000000000000e+03
2.902402402402402479e-02,4.289652506510416852e-01,7.059733072916667129e-02,5.004374186197916297e-01,1.731625000000000000e+03
3.603003003003003163e-02,4.257405598958333148e-01,7.423909505208332871e-02,5.000203450520833703e-01,1.735375000000000000e+03
4.303603603603603500e-02,4.291178385416666852e-01,7.035319010416667129e-02,5.005289713541666297e-01,1.742625000000000000e+03
5.004204204204204531e-02,4.241536458333333148e-01,7.576497395833332871e-02,5.000813802083333703e-01,1.749625000000000000e+03
5.704804804804804869e-02,4.182535807291666852e-01,8.158365885416667129e-02,5.001627604166666297e-01,1.755375000000000000e+03
6.405405405405405206e-02,4.201863606770833148e-01,7.945760091145832871e-02,5.003560384114583703e-01,1.762000000000000000e+03
7.106006006006006237e-02,4.183553059895833148e-01,8.162434895833332871e-02,5.000203450520833703e-01,1.768875000000000000e+03
7.806606606606607268e-02,4.228719075520833148e-01,7.707722981770832871e-02,5.000508626302083703e-01,1.774875000000000000e+03
8.507207207207206912e-02,4.333902994791666852e-01,6.656901041666667129e-02,5.000406901041666297e-01,1.781250000000000000e+03
9.207807807807807943e-02,4.338887532552083148e-01,6.548055013020832871e-02,5.006306966145833703e-01,1.788000000000000000e+03
9.908408408408408974e-02,4.278361002604166852e-01,7.186381022135417129e-02,5.003000895182291297e-01,1.794000000000000000e+03
1.060900900900900862e-01,4.228108723958333148e-01,7.631429036458332871e-02,5.008748372395833703e-01,1.798375000000000000e+03
1.130960960960960965e-01,4.234822591145833148e-01,7.643636067708332871e-02,5.000813802083333703e-01,1.804875000000000000e+03
1.201021021021021068e-01,4.361775716145833148e-01,6.311543782552082871e-02,5.007069905598958703e-01,1.813000000000000000e+03
1.271081081081081032e-01,4.361673990885416852e-01,6.366984049479167129e-02,5.001627604166666297e-01,1.821500000000000000e+03
1.341141141141141135e-01,4.020182291666666852e-01,9.781901041666667129e-02,5.001627604166666297e-01,1.826750000000000000e+03
1.411201201201201239e-01,4.132486979166666852e-01,8.671061197916667129e-02,5.000406901041666297e-01,1.831500000000000000e+03
1.481261261261261342e-01,4.047648111979166852e-01,9.522501627604167129e-02,5.000101725260416297e-01,1.838000000000000000e+03
1.551321321321321445e-01,3.973795572916666852e-01,1.025797526041666713e-01,5.000406901041666297e-01,1.843875000000000000e+03
1.621381381381381270e-01,3.823445638020833148e-01,1.155598958333333287e-01,5.020955403645833703e-01,1.852000000000000000e+03
1.691441441441441373e-01,4.013570149739583148e-01,9.862263997395832871e-02,5.000203450520833703e-01,1.854375000000000000e+03
1.761501501501501477e-01,4.137369791666666852e-01,8.625284830729167129e-02,5.000101725260416297e-01,1.857250000000000000e+03
1.831561561561561580e-01,4.164225260416666852e-01,8.292643229166667129e-02,5.006510416666666297e-01,1.863000000000000000e+03
1.901621621621621683e-01,4.125773111979166852e-01,8.741251627604167129e-02,5.000101725260416297e-01,1.867750000000000000e+03
1.971681681681681786e-01,4.147542317708333148e-01,8.498128255208332871e-02,5.002644856770833703e-01,1.872625000000000000e+03
2.041741741741741611e-01,4.080861409505208148e-01,9.180196126302082871e-02,5.001118977864583703e-01,1.877750000000000000e+03
2.111801801801801715e-01,4.121297200520833148e-01,8.751424153645832871e-02,5.003560384114583703e-01,1.882125000000000000e+03
2.181861861861861818e-01,4.070332845052083148e-01,9.285481770833332871e-02,5.001118977864583703e-01,1.888500000000000000e+03
2.251921921921921921e-01,4.086354573567708148e-01,9.096272786458332871e-02,5.004018147786458703e-01,1.895375000000000000e+03
2.321981981981982024e-01,4.205830891927083148e-01,7.878621419270832871e-02,5.006306966145833703e-01,1.900625000000000000e+03
2.392042042042042127e-01,4.122416178385416852e-01,8.756510416666667129e-02,5.001932779947916297e-01,1.907375000000000000e+03
2.462102102102102230e-01,4.173787434895833148e-01,8.260091145833332871e-02,5.000203450520833703e-01,1.914625000000000000e+03
2.532162162162162056e-01,4.153544108072916852e-01,8.429972330729167129e-02,5.003458658854166297e-01,1.922625000000000000e+03
2.602222222222222436e-01,4.309895833333333148e-01,6.899007161458332871e-02,5.000203450520833703e-01,1.930000000000000000e+03
2.672282282282282262e-01,4.228006998697916852e-01,7.715861002604167129e-02,5.000406901041666297e-01,1.937000000000000000e+03
2.742342342342342087e-01,4.361165364583333148e-01,6.368001302083332871e-02,5.002034505208333703e-01,1.945125000000000000e+03
2.812402402402402468e-01,4.213765462239583148e-01,7.814534505208332871e-02,5.004781087239583703e-01,1.954125000000000000e+03
2.882462462462462294e-01,4.235026041666666852e-01,7.633463541666667129e-02,5.001627604166666297e-01,1.959625000000000000e+03
2.952522522522522674e-01,4.075520833333333148e-01,9.210713704427082871e-02,5.003407796223958703e-01,1.965875000000000000e+03
3.022582582582582500e-01,4.188944498697916852e-01,8.109537760416667129e-02,5.000101725260416297e-01,1.972625000000000000e+03
3.092642642642642881e-01,4.289347330729166852e-01,7.068888346354167129e-02,5.003763834635416297e-01,1.981875000000000000e+03
3.162702702702702706e-01,4.215291341145833148e-01,7.814534505208332871e-02,5.003255208333333703e-01,1.990125000000000000e+03
3.232762762762762532e-01,4.159342447916666852e-01,8.402506510416667129e-02,5.000406901041666297e-01,1.997125000000000000e+03
3.302822822822822912e-01,4.246012369791666852e-01,7.532755533854167129e-02,5.000712076822916297e-01,2.005125000000000000e+03
3.372882882882882738e-01,4.248148600260416852e-01,7.422892252604167129e-02,5.009562174479166297e-01,2.011000000000000000e+03
3.442942942942943119e-01,4.200846354166666852e-01,7.950846354166667129e-02,5.004069010416666297e-01,2.017875000000000000e+03
3.513003003003002944e-01,4.104970296223958148e-01,8.949788411458332871e-02,5.000050862630208703e-01,2.025875000000000000e+03
3.583063063063063325e-01,4.232991536458333148e-01,7.539876302083332871e-02,5.013020833333333703e-01,2.032250000000000000e+03
3.653123123123123150e-01,4.164021809895833148e-01,8.205159505208332871e-02,5.015462239583333703e-01,2.037750000000000000e+03
3.723183183183182976e-01,4.176991780598958148e-01,8.229573567708332871e-02,5.000050862630208703e-01,2.044625000000000000e+03
3.793243243243243357e-01,4.176839192708333148e-01,8.229573567708332871e-02,5.000203450520833703e-01,2.052250000000000000e+03
3.863303303303303182e-01,4.167683919270833148e-01,8.321126302083332871e-02,5.000203450520833703e-01,2.058375000000000000e+03
3.933363363363363563e-01,4.164225260416666852e-01,8.356730143229167129e-02,5.000101725260416297e-01,2.066625000000000000e+03
4.003423423423423388e-01,3.976643880208333148e-01,1.020100911458333287e-01,5.003255208333333703e-01,2.073875000000000000e+03
4.073483483483483214e-01,4.110921223958333148e-01,8.882649739583332871e-02,5.000813802083333703e-01,2.083250000000000000e+03
4.143543543543543595e-01,3.940327962239583148e-01,1.058858235677083287e-01,5.000813802083333703e-01,2.088875000000000000e+03
4.213603603603603420e-01,4.218800862630208148e-01,7.811482747395832871e-02,5.000050862630208703e-01,2.097375000000000000e+03
4.283663663663663801e-01,4.074910481770833148e-01,9.206136067708332871e-02,5.004475911458333703e-01,2.104000000000000000e+03
4.353723723723723626e-01,4.323679606119791852e-01,6.762186686197917129e-02,5.000101725260416297e-01,2.112250000000000000e+03
4.423783783783784007e-01,3.974507649739583148e-01,1.023000081380208287e-01,5.002492268880208703e-01,2.116375000000000000e+03
4.493843843843843833e-01,3.949381510416666852e-01,1.050211588541666713e-01,5.000406901041666297e-01,2.124125000000000000e+03
4.563903903903903658e-01,3.922526041666666852e-01,1.075846354166666713e-01,5.001627604166666297e-01,2.134875000000000000e+03
4.633963963963964039e-01,3.799845377604166852e-01,1.199747721354166713e-01,5.000406901041666297e-01,2.142375000000000000e+03
4.704024024024023864e-01,3.840586344401041852e-01,1.155954996744791713e-01,5.003458658854166297e-01,2.150625000000000000e+03
4.774084084084084245e-01,3.896509806315104352e-01,1.103464762369791713e-01,5.000025431315103797e-01,2.158500000000000000e+03
4.844144144144144071e-01,3.868815104166666852e-01,1.129557291666666713e-01,5.001627604166666297e-01,2.166375000000000000e+03
4.914204204204204451e-01,3.886515299479166852e-01,1.113382975260416713e-01,5.000101725260416297e-01,2.173750000000000000e+03
4.984264264264264277e-01,3.870442708333333148e-01,1.128743489583333287e-01,5.000813802083333703e-01,2.180125000000000000e+03
5.054324324324324103e-01,3.838704427083333148e-01,1.161092122395833287e-01,5.000203450520833703e-01,2.187625000000000000e+03
5.124384384384383928e-01,3.825022379557291852e-01,1.172281901041666713e-01,5.002695719401041297e-01,2.197750000000000000e+03
5.194444444444444864e-01,3.827718098958333148e-01,1.172078450520833287e-01,5.000203450520833703e-01,2.206125000000000000e+03
5.264504504504504689e-01,3.826090494791666852e-01,1.171976725260416713e-01,5.001932779947916297e-01,2.215750000000000000e+03
5.334564564564564515e-01,3.800455729166666852e-01,1.197916666666666713e-01,5.001627604166666297e-01,2.224375000000000000e+03
5.404624624624624341e-01,3.878580729166666852e-01,1.121012369791666713e-01,5.000406901041666297e-01,2.231375000000000000e+03
5.474684684684684166e-01,3.856608072916666852e-01,1.142985026041666713e-01,5.000406901041666297e-01,2.241625000000000000e+03
5.544744744744745102e-01,3.847554524739583148e-01,1.152394612630208287e-01,5.000050862630208703e-01,2.250375000000000000e+03
5.614804804804804927e-01,3.873697916666666852e-01,1.126200358072916713e-01,5.000101725260416297e-01,2.259250000000000000e+03
5.684864864864864753e-01,3.988444010416666852e-01,1.007486979166666713e-01,5.004069010416666297e-01,2.271375000000000000e+03
5.754924924924924579e-01,3.941980997721354352e-01,1.056696573893229213e-01,5.001322428385416297e-01,2.280500000000000000e+03
5.824984984984985514e-01,4.013468424479166852e-01,9.864298502604167129e-02,5.000101725260416297e-01,2.289625000000000000e+03
5.895045045045045340e-01,3.877360026041666852e-01,1.121622721354166713e-01,5.001017252604166297e-01,2.300500000000000000e+03
5.965105105105105165e-01,3.944295247395833148e-01,1.055501302083333287e-01,5.000203450520833703e-01,2.307750000000000000e+03
6.035165165165164991e-01,3.914845784505208148e-01,1.085103352864583287e-01,5.000050862630208703e-01,2.315750000000000000e+03
6.105225225225224817e-01,3.973592122395833148e-01,1.024373372395833287e-01,5.002034505208333703e-01,2.324875000000000000e+03
6.175285285285285752e-01,3.867289225260416852e-01,1.132609049479166713e-01,5.000101725260416297e-01,2.332375000000000000e+03
6.245345345345345578e-01,3.876139322916666852e-01,1.119791666666666713e-01,5.004069010416666297e-01,2.341625000000000000e+03
6.315405405405405403e-01,3.941853841145833148e-01,1.057942708333333287e-01,5.000203450520833703e-01,2.350625000000000000e+03
6.385465465465465229e-01,3.829142252604166852e-01,1.169230143229166713e-01,5.001627604166666297e-01,2.358375000000000000e+03
6.455525525525525055e-01,3.876139322916666852e-01,1.122233072916666713e-01,5.001627604166666297e-01,2.366625000000000000e+03
6.525585585585585990e-01,3.854166666666666852e-01,1.145426432291666713e-01,5.000406901041666297e-01,2.376375000000000000e+03
6.595645645645645816e-01,4.142506917317708148e-01,8.559926350911457871e-02,5.001500447591146203e-01,2.386375000000000000e+03
6.665705705705705642e-01,4.138997395833333148e-01,8.601888020833332871e-02,5.000813802083333703e-01,2.394125000000000000e+03
6.735765765765765467e-01,4.153849283854166852e-01,8.454386393229167129e-02,5.000712076822916297e-01,2.403750000000000000e+03
6.805825825825825293e-01,4.140828450520833148e-01,8.589680989583332871e-02,5.000203450520833703e-01,2.411625000000000000e+03
6.875885885885886228e-01,4.119669596354166852e-01,8.793894449869792129e-02,5.000940958658853797e-01,2.423625000000000000e+03
6.945945945945946054e-01,4.173177083333333148e-01,8.260091145833332871e-02,5.000813802083333703e-01,2.434750000000000000e+03
7.016006006006005880e-01,3.991495768229166852e-01,1.008402506510416713e-01,5.000101725260416297e-01,2.446250000000000000e+03
7.086066066066065705e-01,4.088846842447916852e-01,9.110514322916667129e-02,5.000101725260416297e-01,2.456500000000000000e+03
7.156126126126126641e-01,3.980051676432291852e-01,1.019541422526041713e-01,5.000406901041666297e-01,2.465375000000000000e+03
7.226186186186186466e-01,4.006220499674479352e-01,9.924570719401042129e-02,5.001322428385416297e-01,2.475750000000000000e+03
7.296246246246246292e-01,3.995564778645833148e-01,1.004231770833333287e-01,5.000203450520833703e-01,2.484500000000000000e+03
7.366306306306306118e-01,4.171854654947916852e-01,8.272806803385417129e-02,5.000864664713541297e-01,2.496500000000000000e+03
7.436366366366365943e-01,4.008382161458333148e-01,9.914143880208332871e-02,5.000203450520833703e-01,2.504125000000000000e+03
7.506426426426426879e-01,4.027506510416666852e-01,9.720865885416667129e-02,5.000406901041666297e-01,2.513125000000000000e+03
7.576486486486486704e-01,4.014027913411458148e-01,9.857686360677082871e-02,5.000203450520833703e-01,2.523875000000000000e+03
7.646546546546546530e-01,3.973795572916666852e-01,1.026102701822916713e-01,5.000101725260416297e-01,2.535875000000000000e+03
7.716606606606606356e-01,4.041544596354166852e-01,9.583536783854167129e-02,5.000101725260416297e-01,2.546500000000000000e+03
7.786666666666666181e-01,3.993937174479166852e-01,1.005961100260416713e-01,5.000101725260416297e-01,2.557875000000000000e+03
7.856726726726727117e-01,3.979085286458333148e-01,1.020711263020833287e-01,5.000203450520833703e-01,2.568125000000000000e+03
7.926786786786786942e-01,3.913370768229166852e-01,1.085917154947916713e-01,5.000712076822916297e-01,2.578500000000000000e+03
7.996846846846846768e-01,4.186197916666666852e-01,8.133951822916667129e-02,5.000406901041666297e-01,2.592000000000000000e+03
8.066906906906906594e-01,3.912556966145833148e-01,1.081746419270833287e-01,5.005696614583333703e-01,2.601000000000000000e+03
8.136966966966966419e-01,4.105021158854166852e-01,8.945719401041667129e-02,5.000406901041666297e-01,2.612500000000000000e+03
8.207027027027027355e-01,3.921305338541666852e-01,1.076456705729166713e-01,5.002237955729166297e-01,2.622375000000000000e+03
8.277087087087087180e-01,3.945109049479166852e-01,1.054789225260416713e-01,5.000101725260416297e-01,2.633625000000000000e+03
8.347147147147147006e-01,3.957316080729166852e-01,1.042582194010416713e-01,5.000101725260416297e-01,2.646375000000000000e+03
8.417207207207206832e-01,4.998372395833333148e-01,1.590169270833333426e-01,3.411458333333333148e-01,2.491875000000000000e+03
8.487267267267267767e-01,4.998270670572916852e-01,1.597849527994791574e-01,3.403879801432291852e-01,2.501125000000000000e+03
8.557327327327327593e-01,4.992116292317708148e-01,1.609166463216145926e-01,3.398717244466145648e-01,2.509750000000000000e+03
8.627387387387387419e-01,4.998270670572916852e-01,1.644694010416666574e-01,3.357035319010416852e-01,2.517000000000000000e+03
8.697447447447447244e-01,4.973958333333333148e-01,1.703694661458333426e-01,3.322347005208333148e-01,2.526375000000000000e+03
8.767507507507507070e-01,4.991124471028645648e-01,1.590092976888020926e-01,3.418782552083333148e-01,2.536250000000000000e+03
8.837567567567568005e-01,4.992268880208333148e-01,1.576131184895833426e-01,3.431599934895833148e-01,2.545250000000000000e+03
8.907627627627627831e-01,4.983927408854166852e-01,1.629130045572916574e-01,3.386942545572916852e-01,2.554875000000000000e+03
8.977687687687687657e-01,4.995524088541666852e-01,1.768595377604166574e-01,3.235880533854166852e-01,2.562875000000000000e+03
9.047747747747747482e-01,4.990030924479166852e-01,1.770121256510416574e-01,3.239847819010416852e-01,2.571875000000000000e+03
9.117807807807807308e-01,4.992014567057291852e-01,1.805674235026041574e-01,3.202311197916666852e-01,2.580750000000000000e+03
9.187867867867868243e-01,4.999898274739583148e-01,1.639912923177083426e-01,3.360188802083333148e-01,2.589125000000000000e+03
9.257927927927928069e-01,4.996744791666666852e-01,1.617838541666666574e-01,3.385416666666666852e-01,2.599250000000000000e+03
9.327987987987987895e-01,4.990641276041666852e-01,1.631266276041666574e-01,3.378092447916666852e-01,2.607375000000000000e+03
9.398048048048047720e-01,4.997202555338541852e-01,1.619517008463541574e-01,3.383280436197916852e-01,2.615625000000000000e+03
9.468108108108107546e-01,4.999186197916666852e-01,1.628824869791666574e-01,3.371988932291666852e-01,2.626375000000000000e+03
9.538168168168168481e-01,4.994099934895833148e-01,1.613972981770833426e-01,3.391927083333333148e-01,2.637000000000000000e+03
9.608228228228228307e-01,4.999949137369791852e-01,1.835886637369791574e-01,3.164164225260416852e-01,2.646250000000000000e+03
9.678288288288288133e-01,4.999796549479166852e-01,1.830240885416666574e-01,3.169962565104166852e-01,2.655125000000000000e+03
9.748348348348347958e-01,4.991861979166666852e-01,1.649271647135416574e-01,3.358866373697916852e-01,2.664750000000000000e+03
9.818408408408408894e-01,4.997660319010416852e-01,1.637064615885416574e-01,3.365275065104166852e-01,2.674250000000000000e+03
9.888468468468468719e-01,4.993642171223958148e-01,1.595052083333333426e-01,3.411305745442708148e-01,2.687000000000000000e+03
9.958528528528528545e-01,4.999593098958333148e-01,1.887410481770833426e-01,3.112996419270833148e-01,2.693250000000000000e+03
1.002858858858858726e+00,4.999898274739583148e-01,1.876118977864583426e-01,3.123982747395833148e-01,2.701125000000000000e+03
1.009864864864864709e+00,4.996846516927083148e-01,1.895802815755208426e-01,3.107350667317708148e-01,2.709125000000000000e+03
1.016870870870870691e+00,4.999796549479166852e-01,1.904703776041666574e-01,3.095499674479166852e-01,2.718625000000000000e+03
1.023876876876876674e+00,4.999872843424479352e-01,1.904322306315104074e-01,3.095804850260416852e-01,2.727750000000000000e+03
1.030882882882882878e+00,4.989827473958333148e-01,1.914265950520833426e-01,3.095906575520833148e-01,2.739125000000000000e+03
1.037888888888888861e+00,4.994405110677083148e-01,1.931203206380208426e-01,3.074391682942708148e-01,2.750500000000000000e+03
1.044894894894894843e+00,4.986368815104166852e-01,1.990152994791666574e-01,3.023478190104166852e-01,2.758375000000000000e+03
1.051900900900900826e+00,4.999898274739583148e-01,1.974080403645833426e-01,3.026021321614583148e-01,2.767125000000000000e+03
1.058906906906906809e+00,4.994303385416666852e-01,2.005411783854166574e-01,3.000284830729166852e-01,2.776250000000000000e+03
1.065912912912912791e+00,4.999186197916666852e-01,1.918131510416666574e-01,3.082682291666666852e-01,2.788000000000000000e+03
1.072918918918918774e+00,4.994303385416666852e-01,1.983133951822916574e-01,3.022562662760416852e-01,2.796625000000000000e+03
1.079924924924924756e+00,4.996236165364583148e-01,1.979573567708333426e-01,3.024190266927083148e-01,2.806250000000000000e+03
1.086930930930930739e+00,4.994099934895833148e-01,1.985066731770833426e-01,3.020833333333333148e-01,2.818000000000000000e+03
1.093936936936936721e+00,4.993489583333333148e-01,1.994832356770833426e-01,3.011678059895833148e-01,2.826750000000000000e+03
1.100942942942942926e+00,4.999898274739583148e-01,1.990254720052083426e-01,3.009847005208333148e-01,2.835875000000000000e+03
1.107948948948948908e+00,4.999033610026041852e-01,2.017771402994791574e-01,2.983194986979166852e-01,2.845250000000000000e+03
1.114954954954954891e+00,4.999186197916666852e-01,2.041422526041666574e-01,2.959391276041666852e-01,2.857125000000000000e+03
1.121960960960960874e+00,4.999287923177083148e-01,2.066548665364583426e-01,2.934163411458333148e-01,2.867500000000000000e+03
1.128966966966966856e+00,4.994303385416666852e-01,2.064005533854166574e-01,2.941691080729166852e-01,2.876250000000000000e+03
1.135972972972972839e+00,4.994862874348958148e-01,1.984303792317708426e-01,3.020833333333333148e-01,2.889125000000000000e+03
1.142978978978978821e+00,4.998372395833333148e-01,2.107747395833333426e-01,2.893880208333333148e-01,2.899375000000000000e+03
1.149984984984984804e+00,4.996846516927083148e-01,2.173665364583333426e-01,2.829488118489583148e-01,2.909000000000000000e+03
1.156990990990990786e+00,4.997762044270833148e-01,2.155354817708333426e-01,2.846883138020833148e-01,2.918000000000000000e+03
1.163996996996996991e+00,4.996592203776041852e-01,2.147623697916666574e-01,2.855784098307291852e-01,2.927500000000000000e+03
1.171003003003002974e+00,4.998372395833333148e-01,2.140706380208333426e-01,2.860921223958333148e-01,2.938000000000000000e+03
1.178009009009008956e+00,4.998575846354166852e-01,2.135721842447916574e-01,2.865702311197916852e-01,2.948250000000000000e+03
1.185015015015014939e+00,4.996744791666666852e-01,2.181803385416666574e-01,2.821451822916666852e-01,2.959875000000000000e+03
1.192021021021020921e+00,6.241861979166666297e-01,1.257731119791666574e-01,2.500406901041666852e-01,2.886375000000000000e+03
1.199027027027026904e+00,6.244099934895833703e-01,1.250203450520833426e-01,2.505696614583333148e-01,2.896500000000000000e+03
1.206033033033032886e+00,6.243693033854166297e-01,1.251627604166666574e-01,2.504679361979166852e-01,2.907375000000000000e+03
1.213039039039038869e+00,6.213925679524739953e-01,1.285565694173177176e-01,2.500508626302083148e-01,2.916000000000000000e+03
1.220045045045044851e+00,6.244405110677083703e-01,1.251424153645833426e-01,2.504170735677083148e-01,2.924625000000000000e+03
1.227051051051050834e+00,6.244099934895833703e-01,1.252950032552083426e-01,2.502950032552083148e-01,2.934375000000000000e+03
1.234057057057057039e+00,6.242879231770833703e-01,1.252950032552083426e-01,2.504170735677083148e-01,2.944250000000000000e+03
1.241063063063063021e+00,6.162312825520833703e-01,1.329243977864583426e-01,2.508443196614583148e-01,2.955500000000000000e+03
1.248069069069069004e+00,6.145833333333333703e-01,1.350911458333333426e-01,2.503255208333333148e-01,2.964500000000000000e+03
1.255075075075074986e+00,6.200358072916666297e-01,1.299235026041666574e-01,2.500406901041666852e-01,2.975000000000000000e+03
1.262081081081080969e+00,6.243426005045572547e-01,1.254831949869791574e-01,2.501742045084635602e-01,2.981875000000000000e+03
1.269087087087086951e+00,6.230061848958333703e-01,1.255086263020833426e-01,2.514851888020833148e-01,2.992875000000000000e+03
1.276093093093092934e+00,6.245320638020833703e-01,1.253560384114583426e-01,2.501118977864583148e-01,3.000500000000000000e+03
1.283099099099098916e+00,6.236165364583333703e-01,1.258138020833333426e-01,2.505696614583333148e-01,3.010500000000000000e+03
1.290105105105104899e+00,7.085673014322916297e-01,1.067148844401041713e-01,1.847178141276041574e-01,2.979375000000000000e+03
1.297111111111111104e+00,7.095006306966146203e-01,1.081288655598958287e-01,1.823705037434895926e-01,2.987625000000000000e+03
1.304117117117117086e+00,7.102152506510416297e-01,1.068522135416666713e-01,1.829325358072916574e-01,2.995875000000000000e+03
1.311123123123123069e+00,7.052357991536458703e-01,1.088002522786458287e-01,1.859639485677083426e-01,3.004875000000000000e+03
1.318129129129129051e+00,7.090250651041666297e-01,1.035257975260416713e-01,1.874491373697916574e-01,3.012500000000000000e+03
1.325135135135135034e+00,7.103544871012369422e-01,1.029822031656901088e-01,1.866633097330729074e-01,3.021125000000000000e+03
1.332141141141141016e+00,7.095133463541666297e-01,1.030680338541666713e-01,1.874186197916666574e-01,3.030000000000000000e+03
1.339147147147146999e+00,7.112325032552083703e-01,1.018880208333333287e-01,1.868794759114583426e-01,3.040250000000000000e+03
1.346153153153152982e+00,7.130940755208333703e-01,1.040852864583333287e-01,1.828206380208333426e-01,3.049750000000000000e+03
1.353159159159158964e+00,6.849721272786458703e-01,1.261647542317708426e-01,1.888631184895833426e-01,3.057375000000000000e+03
1.360165165165164947e+00,6.837361653645833703e-01,1.280415852864583426e-01,1.882222493489583426e-01,3.065375000000000000e+03
1.367171171171171151e+00,6.823323567708333703e-01,1.292928059895833426e-01,1.883748372395833426e-01,3.073750000000000000e+03
1.374177177177177134e+00,6.824544270833333703e-01,1.294759114583333426e-01,1.880696614583333426e-01,3.081250000000000000e+03
1.381183183183183116e+00,6.841939290364583703e-01,1.275838216145833426e-01,1.882222493489583426e-01,3.088250000000000000e+03
1.388189189189189099e+00,6.809183756510416297e-01,1.299387613932291574e-01,1.891428629557291574e-01,3.098500000000000000e+03
1.395195195195195081e+00,6.814905802408853797e-01,1.293512980143229074e-01,1.891581217447916574e-01,3.107000000000000000e+03
1.402201201201201064e+00,6.778361002604166297e-01,1.343485514322916574e-01,1.878153483072916574e-01,3.117125000000000000e+03
1.409207207207207047e+00,6.800181070963541297e-01,1.311747233072916574e-01,1.888071695963541574e-01,3.125125000000000000e+03
1.416213213213213029e+00,6.819051106770833703e-01,1.298116048177083426e-01,1.882832845052083426e-01,3.133125000000000000e+03
1.423219219219219012e+00,6.806233723958333703e-01,1.289418538411458426e-01,1.904347737630208426e-01,3.142125000000000000e+03
1.430225225225225216e+00,6.833597819010416297e-01,1.283060709635416574e-01,1.883341471354166574e-01,3.152875000000000000e+03
1.437231231231231199e+00,6.790364583333333703e-01,1.331380208333333426e-01,1.878255208333333426e-01,3.161250000000000000e+03
1.444237237237237181e+00,6.808573404947916297e-01,1.305185953776041574e-01,1.886240641276041574e-01,3.171125000000000000e+03
1.451243243243243164e+00,6.657307942708333703e-01,1.461385091145833426e-01,1.881306966145833426e-01,3.181000000000000000e+03
1.458249249249249146e+00,6.657206217447916297e-01,1.416880289713541574e-01,1.925913492838541574e-01,3.189000000000000000e+03
1.465255255255255129e+00,6.655222574869791297e-01,1.439158121744791574e-01,1.905619303385416574e-01,3.196500000000000000e+03
1.472261261261261112e+00,6.655680338541666297e-01,1.409708658854166574e-01,1.934611002604166574e-01,3.203250000000000000e+03
1.479267267267267094e+00,6.666666666666666297e-01,1.407877604166666574e-01,1.925455729166666574e-01,3.211375000000000000e+03
1.486273273273273077e+00,6.640497843424478797e-01,1.434504191080729074e-01,1.924997965494791574e-01,3.219500000000000000e+03
1.493279279279279059e+00,6.862589518229166297e-01,1.372934977213541574e-01,1.764475504557291574e-01,3.228250000000000000e+03
1.500285285285285264e+00,6.871388753255208703e-01,1.383946736653645926e-01,1.744664510091145926e-01,3.236125000000000000e+03
1.507291291291291246e+00,6.851399739583333703e-01,1.399434407552083426e-01,1.749165852864583426e-01,3.244250000000000000e+03
1.514297297297297229e+00,6.858495076497396203e-01,1.331914265950520926e-01,1.809590657552083426e-01,3.252750000000000000e+03
1.521303303303303212e+00,6.851755777994791297e-01,1.407572428385416574e-01,1.740671793619791574e-01,3.259625000000000000e+03
1.528309309309309194e+00,6.810099283854166297e-01,1.421305338541666574e-01,1.768595377604166574e-01,3.268125000000000000e+03
1.535315315315315177e+00,6.845601399739583703e-01,1.411794026692708426e-01,1.742604573567708426e-01,3.273625000000000000e+03
1.542321321321321159e+00,6.812337239583333703e-01,1.429036458333333426e-01,1.758626302083333426e-01,3.284125000000000000e+03
1.549327327327327142e+00,6.870663960774739953e-01,1.336339314778645926e-01,1.792996724446614676e-01,3.291250000000000000e+03
1.556333333333333124e+00,6.871897379557291297e-01,1.334025065104166574e-01,1.794077555338541574e-01,3.298750000000000000e+03
1.563339339339339329e+00,6.874516805013021203e-01,1.352818806966145926e-01,1.772664388020833426e-01,3.305375000000000000e+03
1.570345345345345311e+00,6.867574055989583703e-01,1.362202962239583426e-01,1.770222981770833426e-01,3.313250000000000000e+03
1.577351351351351294e+00,6.829020182291666297e-01,1.409708658854166574e-01,1.761271158854166574e-01,3.324625000000000000e+03
1.584357357357357277e+00,6.830952962239583703e-01,1.387837727864583426e-01,1.781209309895833426e-01,3.330375000000000000e+03
1.591363363363363259e+00,6.830546061197916297e-01,1.419550577799479074e-01,1.749903361002604074e-01,3.339500000000000000e+03
1.598369369369369242e+00,6.844838460286458703e-01,1.413777669270833426e-01,1.741383870442708426e-01,3.348125000000000000e+03
1.605375375375375224e+00,6.852773030598958703e-01,1.417439778645833426e-01,1.729787190755208426e-01,3.355625000000000000e+03
1.612381381381381207e+00,6.868998209635416297e-01,1.414591471354166574e-01,1.716410319010416574e-01,3.364000000000000000e+03
1.619387387387387189e+00,6.927083333333333703e-01,1.341145833333333426e-01,1.731770833333333426e-01,3.371125000000000000e+03
1.626393393393393172e+00,6.844533284505208703e-01,1.386769612630208426e-01,1.768697102864583426e-01,3.379500000000000000e+03
1.633399399399399377e+00,6.890284220377603797e-01,1.354624430338541574e-01,1.755091349283854074e-01,3.386250000000000000e+03
1.640405405405405359e+00,6.908365885416666297e-01,1.340738932291666574e-01,1.750895182291666574e-01,3.395500000000000000e+03
1.647411411411411342e+00,7.003580729166666297e-01,1.341959635416666574e-01,1.654459635416666574e-01,3.405750000000000000e+03
1.654417417417417324e+00,7.083333333333333703e-01,1.331380208333333426e-01,1.585286458333333426e-01,3.410250000000000000e+03
1.661423423423423307e+00,7.061411539713541297e-01,1.350809733072916574e-01,1.587778727213541574e-01,3.418250000000000000e+03
1.668429429429429289e+00,7.008768717447916297e-01,1.375528971354166574e-01,1.615702311197916574e-01,3.428250000000000000e+03
1.675435435435435272e+00,7.109400431315103797e-01,1.328074137369791574e-01,1.562525431315104074e-01,3.434125000000000000e+03
1.682441441441441254e+00,7.135823567708333703e-01,1.275838216145833426e-01,1.588338216145833426e-01,3.444250000000000000e+03
1.689447447447447237e+00,6.995264689127603797e-01,1.379839579264322824e-01,1.624895731608072824e-01,3.450375000000000000e+03
1.696453453453453442e+00,6.998697916666666297e-01,1.373697916666666574e-01,1.627604166666666574e-01,3.459000000000000000e+03
1.703459459459459424e+00,7.102292378743489953e-01,1.334660847981770926e-01,1.563046773274739676e-01,3.466000000000000000e+03
1.710465465465465407e+00,7.008463541666666297e-01,1.386820475260416574e-01,1.604715983072916574e-01,3.475250000000000000e+03
1.717471471471471389e+00,6.971232096354166297e-01,1.392008463541666574e-01,1.636759440104166574e-01,3.483000000000000000e+03
1.724477477477477372e+00,6.984965006510416297e-01,1.391398111979166574e-01,1.623636881510416574e-01,3.490375000000000000e+03
1.731483483483483354e+00,7.120615641276041297e-01,1.315256754557291574e-01,1.564127604166666574e-01,3.497000000000000000e+03
1.738489489489489337e+00,7.174479166666666297e-01,1.373697916666666574e-01,1.451822916666666574e-01,3.503750000000000000e+03
1.745495495495495319e+00,7.146402994791666297e-01,1.341349283854166574e-01,1.512247721354166574e-01,3.512375000000000000e+03
1.752501501501501302e+00,7.129720052083333703e-01,1.349995930989583426e-01,1.520284016927083426e-01,3.519750000000000000e+03
1.759507507507507285e+00,7.174580891927083703e-01,1.385091145833333426e-01,1.440327962239583426e-01,3.524375000000000000e+03
1.766513513513513489e+00,7.178948720296224328e-01,1.389468510945638113e-01,1.431582768758138113e-01,3.530625000000000000e+03
1.773519519519519472e+00,7.180531819661458703e-01,1.384938557942708426e-01,1.434529622395833426e-01,3.537750000000000000e+03
1.780525525525525454e+00,7.076466878255208703e-01,1.379292805989583426e-01,1.544240315755208426e-01,3.548000000000000000e+03
1.787531531531531437e+00,7.080891927083333703e-01,1.383870442708333426e-01,1.535237630208333426e-01,3.555625000000000000e+03
1.794537537537537419e+00,7.083943684895833703e-01,1.380513509114583426e-01,1.535542805989583426e-01,3.563000000000000000e+03
1.801543543543543402e+00,7.083002726236978797e-01,1.380869547526041574e-01,1.536127726236979074e-01,3.569500000000000000e+03
1.808549549549549385e+00,7.126871744791666297e-01,1.319529215494791574e-01,1.553599039713541574e-01,3.576125000000000000e+03
1.815555555555555367e+00,7.097269694010416297e-01,1.353861490885416574e-01,1.548868815104166574e-01,3.582750000000000000e+03
1.822561561561561350e+00,7.098897298177083703e-01,1.350606282552083426e-01,1.550496419270833426e-01,3.589750000000000000e+03
1.829567567567567554e+00,7.123324076334635047e-01,1.379477183024088449e-01,1.497198740641275949e-01,3.597125000000000000e+03
1.836573573573573537e+00,7.114766438802083703e-01,1.344884236653645926e-01,1.540349324544270926e-01,3.603625000000000000e+03
1.843579579579579519e+00,6.980463663736978797e-01,1.508814493815104074e-01,1.510721842447916574e-01,3.611750000000000000e+03
1.850585585585585502e+00,7.105153401692708703e-01,1.358311971028645926e-01,1.536534627278645926e-01,3.617750000000000000e+03
1.857591591591591484e+00,7.154642740885416297e-01,1.342531840006510324e-01,1.502825419108072824e-01,3.625000000000000000e+03
1.864597597597597467e+00,7.086741129557291297e-01,1.373697916666666574e-01,1.539560953776041574e-01,3.633000000000000000e+03
1.871603603603603450e+00,7.133280436197916297e-01,1.358286539713541574e-01,1.508433024088541574e-01,3.639500000000000000e+03
1.878609609609609432e+00,7.136637369791666297e-01,1.351725260416666574e-01,1.511637369791666574e-01,3.645375000000000000e+03
1.885615615615615415e+00,7.136027018229166297e-01,1.353556315104166574e-01,1.510416666666666574e-01,3.654000000000000000e+03
1.892621621621621397e+00,7.119852701822916297e-01,1.374308268229166574e-01,1.505839029947916574e-01,3.661625000000000000e+03
1.899627627627627602e+00,7.117513020833333703e-01,1.370747884114583426e-01,1.511739095052083426e-01,3.668875000000000000e+03
1.906633633633633584e+00,7.125269571940103797e-01,1.373392740885416574e-01,1.501337687174479074e-01,3.675500000000000000e+03
1.913639639639639567e+00,7.096048990885416297e-01,1.451670328776041574e-01,1.452280680338541574e-01,3.683500000000000000e+03
1.920645645645645549e+00,7.088139851888021203e-01,1.454747517903645926e-01,1.457112630208333426e-01,3.690625000000000000e+03
1.927651651651651532e+00,7.135747273763021203e-01,1.427281697591145926e-01,1.436971028645833426e-01,3.698250000000000000e+03
1.934657657657657515e+00,7.131551106770833703e-01,1.424611409505208426e-01,1.443837483723958426e-01,3.703875000000000000e+03
1.941663663663663497e+00,7.067082722981771203e-01,1.465047200520833426e-01,1.467870076497395926e-01,3.710000000000000000e+03
1.948669669669669480e+00,7.065226236979166297e-01,1.465250651041666574e-01,1.469523111979166574e-01,3.716500000000000000e+03
1.955675675675675462e+00,7.063318888346353797e-01,1.468683878580729074e-01,1.467997233072916574e-01,3.722750000000000000e+03
1.962681681681681667e+00,7.052586873372396203e-01,1.481374104817708426e-01,1.466039021809895926e-01,3.730125000000000000e+03
1.969687687687687649e+00,6.983083089192708703e-01,1.664403279622395926e-01,1.352513631184895926e-01,3.737750000000000000e+03
1.976693693693693632e+00,7.017618815104166297e-01,1.636149088541666574e-01,1.346232096354166574e-01,3.742625000000000000e+03
1.983699699699699615e+00,7.016016642252603797e-01,1.637293497721354074e-01,1.346689860026041574e-01,3.748750000000000000e+03
1.990705705705705597e+00,6.978047688802083703e-01,1.619466145833333426e-01,1.402486165364583426e-01,3.756375000000000000e+03
1.997711711711711580e+00,7.017720540364583703e-01,1.586125691731770926e-01,1.396153767903645926e-01,3.761750000000000000e+03
2.004717717717717562e+00,6.949221293131510047e-01,1.681505839029947824e-01,1.369272867838541574e-01,3.769250000000000000e+03
2.011723723723723545e+00,6.927083333333333703e-01,1.702473958333333426e-01,1.370442708333333426e-01,3.776000000000000000e+03
2.018729729729729527e+00,6.983083089192708703e-01,1.617101033528645926e-01,1.399815877278645926e-01,3.780750000000000000e+03
2.025735735735735510e+00,7.059427897135416297e-01,1.586405436197916574e-01,1.354166666666666574e-01,3.789250000000000000e+03
2.032741741741741492e+00,7.056290308634439734e-01,1.589047114054361887e-01,1.354662577311197824e-01,3.796375000000000000e+03
2.039747747747747475e+00,7.019551595052083703e-01,1.603597005208333426e-01,1.376851399739583426e-01,3.801250000000000000e+03
2.046753753753753458e+00,7.104085286458333703e-01,1.603749593098958426e-01,1.292165120442708426e-01,3.808250000000000000e+03
2.053759759759759440e+00,7.095616658528646203e-01,1.610577901204427176e-01,1.293805440266927176e-01,3.814250000000000000e+03
2.060765765765765867e+00,7.122294108072916297e-01,1.595255533854166574e-01,1.282450358072916574e-01,3.821625000000000000e+03
2.067771771771771849e+00,6.999003092447916297e-01,1.665903727213541574e-01,1.335093180338541574e-01,3.828375000000000000e+03
2.074777777777777832e+00,6.981099446614583703e-01,1.638692220052083426e-01,1.380208333333333426e-01,3.834250000000000000e+03
2.081783783783783814e+00,7.134526570638021203e-01,1.569875081380208426e-01,1.295598347981770926e-01,3.839875000000000000e+03
2.088789789789789797e+00,7.049763997395833703e-01,1.603291829427083426e-01,1.346944173177083426e-01,3.845750000000000000e+03
2.095795795795795780e+00,7.070261637369791297e-01,1.572291056315104074e-01,1.357447306315104074e-01,3.851625000000000000e+03
2.102801801801801762e+00,7.067464192708333703e-01,1.577351888020833426e-01,1.355183919270833426e-01,3.857750000000000000e+03
2.109807807807807745e+00,7.075449625651041297e-01,1.568552652994791574e-01,1.355997721354166574e-01,3.863500000000000000e+03
2.116813813813813727e+00,7.211710611979166297e-01,1.508585611979166574e-01,1.279703776041666574e-01,3.869375000000000000e+03
2.123819819819819710e+00,7.056986490885416297e-01,1.580912272135416574e-01,1.362101236979166574e-01,3.875750000000000000e+03
2.130825825825825692e+00,7.068049112955728797e-01,1.583697001139322824e-01,1.348253885904947824e-01,3.881750000000000000e+03
2.137831831831831675e+00,7.081019083658853797e-01,1.576677958170572824e-01,1.342302958170572824e-01,3.888375000000000000e+03
2.144837837837837657e+00,7.052510579427083703e-01,1.588338216145833426e-01,1.359151204427083426e-01,3.893375000000000000e+03
2.151843843843843640e+00,7.056325276692708703e-01,1.589024861653645926e-01,1.354649861653645926e-01,3.899875000000000000e+03
2.158849849849849623e+00,7.175242106119791297e-01,1.563364664713541574e-01,1.261393229166666574e-01,3.904500000000000000e+03
2.165855855855855605e+00,7.129796346028646203e-01,1.576665242513020926e-01,1.293538411458333426e-01,3.911000000000000000e+03
2.172861861861861588e+00,7.163899739583333703e-01,1.562703450520833426e-01,1.273396809895833426e-01,3.916750000000000000e+03
2.179867867867867570e+00,7.124837239583333703e-01,1.574300130208333426e-01,1.300862630208333426e-01,3.921000000000000000e+03
2.186873873873873553e+00,7.137705485026041297e-01,1.567331949869791574e-01,1.294962565104166574e-01,3.927500000000000000e+03
2.193879879879879979e+00,7.083536783854166297e-01,1.614252726236979074e-01,1.302210489908854074e-01,3.934500000000000000e+03
2.200885885885885962e+00,7.085978190104166297e-01,1.612192789713541574e-01,1.301829020182291574e-01,3.940500000000000000e+03
2.207891891891891945e+00,7.174250284830728797e-01,1.567942301432291574e-01,1.257807413736979074e-01,3.946750000000000000e+03
2.214897897897897927e+00,7.169748942057291297e-01,1.566340128580729074e-01,1.263910929361979074e-01,3.953000000000000000e+03
2.221903903903903910e+00,7.171427408854166297e-01,1.565653483072916574e-01,1.262919108072916574e-01,3.958625000000000000e+03
2.228909909909909892e+00,7.164204915364583703e-01,1.565450032552083426e-01,1.270345052083333426e-01,3.965500000000000000e+03
