# time,semantic,grammar,climb,minimum
1.000000000000000021e-03,1.787821451822916739e-03,4.563852945963541852e-01,5.418268839518228797e-01,3.346714285714285779e+03
8.006006006006005996e-03,3.865559895833333153e-04,4.075826009114583148e-01,5.920308430989583703e-01,3.430285714285714221e+03
1.501201201201201110e-02,4.069010416666666441e-05,4.270426432291666852e-01,5.729166666666666297e-01,3.479571428571428442e+03
2.201801801801801795e-02,3.687540690104166847e-04,4.363962809244791852e-01,5.632349650065103797e-01,3.525857142857142662e+03
2.902402402402402479e-02,8.138020833333332882e-05,4.283040364583333148e-01,5.716145833333333703e-01,3.572857142857142662e+03
3.603003003003003163e-02,2.034505208333333220e-05,4.295857747395833148e-01,5.703938802083333703e-01,3.608571428571428442e+03
4.303603603603603500e-02,8.900960286458332882e-05,4.375279744466145648e-01,5.623830159505208703e-01,3.645571428571428442e+03
5.004204204204204531e-02,2.492268880208333153e-04,4.398396809895833148e-01,5.599110921223958703e-01,3.679857142857142662e+03
5.704804804804804869e-02,1.538594563802083424e-04,4.457715352376301898e-01,5.540746053059896203e-01,3.714285714285714221e+03
6.405405405405405206e-02,2.339680989583333424e-04,4.607442220052083148e-01,5.390218098958333703e-01,3.742285714285714221e+03
7.106006006006006237e-02,3.865559895833333153e-04,4.520772298177083148e-01,5.475362141927083703e-01,3.771142857142857338e+03
7.806606606606607268e-02,1.195271809895833288e-04,4.449666341145833148e-01,5.549138387044271203e-01,3.800857142857142662e+03
8.507207207207206912e-02,4.374186197916666847e-04,4.662577311197916852e-01,5.333048502604166297e-01,3.831428571428571558e+03
9.207807807807807943e-02,3.255208333333333153e-04,4.769490559895833148e-01,5.227254231770833703e-01,3.864428571428571558e+03
9.908408408408408974e-02,5.086263020833333559e-05,4.635518391927083148e-01,5.363972981770833703e-01,3.891571428571428442e+03
1.060900900900900862e-01,3.255208333333333153e-04,4.683430989583333148e-01,5.313313802083333703e-01,3.919428571428571558e+03
1.130960960960960965e-01,1.576741536458333424e-04,4.781239827473958148e-01,5.217183430989583703e-01,3.949285714285714221e+03
1.201021021021021068e-01,2.237955729166666576e-04,4.734293619791666852e-01,5.263468424479166297e-01,3.974571428571428442e+03
1.271081081081081032e-01,6.510416666666666305e-04,4.624735514322916852e-01,5.368754069010416297e-01,4.003285714285714221e+03
1.341141141141141135e-01,8.748372395833333695e-04,4.688924153645833148e-01,5.302327473958333703e-01,4.028142857142857338e+03
1.411201201201201239e-01,7.832845052083333695e-04,4.830525716145833148e-01,5.161641438802083703e-01,4.052142857142857338e+03
1.481261261261261342e-01,9.206136067708333695e-04,4.666493733723958148e-01,5.324300130208333703e-01,4.079714285714285779e+03
1.551321321321321445e-01,1.261393229166666739e-03,4.857737223307291852e-01,5.129648844401041297e-01,4.102857142857143117e+03
1.621381381381381270e-01,1.017252604166666712e-04,4.836527506510416852e-01,5.162455240885416297e-01,4.125285714285714675e+03
1.691441441441441373e-01,3.306070963541666522e-03,4.887491861979166852e-01,5.079447428385416297e-01,4.148285714285714675e+03
1.761501501501501477e-01,2.522786458333333478e-03,4.755452473958333148e-01,5.219319661458333703e-01,4.172142857142856883e+03
1.831561561561561580e-01,5.544026692708333695e-04,4.903157552083333148e-01,5.091298421223958703e-01,4.191428571428571558e+03
1.901621621621621683e-01,1.118977864583333261e-03,4.859212239583333148e-01,5.129597981770833703e-01,4.213857142857143117e+03
1.971681681681681786e-01,1.169840494791666739e-03,4.876505533854166852e-01,5.111796061197916297e-01,4.237285714285714675e+03
2.041741741741741611e-01,7.425944010416666305e-04,4.891764322916666852e-01,5.100809733072916297e-01,4.258142857142856883e+03
2.111801801801801715e-01,6.306966145833333695e-04,4.909871419270833148e-01,5.083821614583333703e-01,4.279571428571428442e+03
2.181861861861861818e-01,1.569112141927083261e-03,4.898427327473958148e-01,5.085881551106771203e-01,4.299857142857143117e+03
2.251921921921921921e-01,1.363118489583333261e-03,4.934895833333333148e-01,5.051472981770833703e-01,4.322857142857143117e+03
2.321981981981982024e-01,1.653035481770833261e-03,4.935572942097981586e-01,5.047896703084310266e-01,4.349285714285714675e+03
2.392042042042042127e-01,2.100626627604166522e-03,4.972635904947916852e-01,5.006357828776041297e-01,4.371142857142856883e+03
2.462102102102102230e-01,4.450480143229166956e-03,4.897867838541666852e-01,5.057627360026041297e-01,4.398571428571428442e+03
2.532162162162162056e-01,4.770914713541666956e-03,4.933115641276041852e-01,5.019175211588541297e-01,4.421285714285714675e+03
2.602222222222222436e-01,2.054850260416666522e-03,4.939524332682291852e-01,5.039927164713541297e-01,4.444285714285714675e+03
2.672282282282282262e-01,2.400716145833333478e-03,4.955647786458333148e-01,5.020345052083333703e-01,4.466857142857143117e+03
2.742342342342342087e-01,7.985432942708333695e-04,4.948933919270833148e-01,5.043080647786458703e-01,4.490428571428571558e+03
2.812402402402402468e-01,3.606160481770833478e-03,4.952596028645833148e-01,5.011342366536458703e-01,4.511857142857143117e+03
2.882462462462462294e-01,1.271565755208333390e-05,4.999860127766926898e-01,5.000012715657552453e-01,4.532285714285714675e+03
2.952522522522522674e-01,6.306966145833333695e-04,4.993489583333333148e-01,5.000203450520833703e-01,4.557714285714285325e+03
3.022582582582582500e-01,2.054850260416666522e-03,4.945322672526041852e-01,5.034128824869791297e-01,4.578714285714285325e+03
3.092642642642642881e-01,6.510416666666666305e-04,4.957682291666666852e-01,5.035807291666666297e-01,4.596000000000000000e+03
3.162702702702702706e-01,4.831949869791666847e-04,4.992090861002604352e-01,5.003077189127603797e-01,4.613571428571428442e+03
3.232762762762762532e-01,3.000895182291666847e-04,4.993845621744791852e-01,5.003153483072916297e-01,4.634142857142856883e+03
3.302822822822822912e-01,3.255208333333333153e-04,4.993489583333333148e-01,5.003255208333333703e-01,4.655000000000000000e+03
3.372882882882882738e-01,2.543131510416666847e-04,4.983622233072916852e-01,5.013834635416666297e-01,4.677285714285714675e+03
3.442942942942943119e-01,1.780192057291666576e-04,4.997812906901041852e-01,5.000406901041666297e-01,4.695428571428571558e+03
3.513003003003002944e-01,4.374186197916666847e-04,4.995524088541666852e-01,5.000101725260416297e-01,4.717571428571428442e+03
3.583063063063063325e-01,3.153483072916666847e-04,4.994303385416666852e-01,5.002543131510416297e-01,4.737428571428571558e+03
3.653123123123123150e-01,5.213419596354166441e-05,4.999472300211588727e-01,5.000006357828775672e-01,4.758285714285714675e+03
3.723183183183182976e-01,5.238850911458333695e-04,4.991811116536458148e-01,5.002950032552083703e-01,4.776714285714285325e+03
3.793243243243243357e-01,1.017252604166666610e-05,4.999186197916666852e-01,5.000712076822916297e-01,4.796428571428571558e+03
3.863303303303303182e-01,2.034505208333333220e-05,4.999593098958333148e-01,5.000203450520833703e-01,4.817857142857143117e+03
3.933363363363363563e-01,4.069010416666666847e-04,4.995218912760416852e-01,5.000712076822916297e-01,4.833857142857143117e+03
4.003423423423423388e-01,5.315144856770833695e-04,4.994023640950520648e-01,5.000661214192708703e-01,4.855285714285714675e+03
4.073483483483483214e-01,5.594889322916666305e-04,4.993693033854166852e-01,5.000712076822916297e-01,4.876571428571428442e+03
4.143543543543543595e-01,5.086263020833333695e-04,4.991353352864583148e-01,5.003560384114583703e-01,4.898857142857143117e+03
4.213603603603603420e-01,1.589457194010416576e-04,4.996439615885416852e-01,5.001970926920572547e-01,4.916714285714285325e+03
4.283663663663663801e-01,2.034505208333333220e-05,4.999287923177083148e-01,5.000508626302083703e-01,4.936571428571428442e+03
4.353723723723723626e-01,1.627604166666666576e-04,4.996134440104166852e-01,5.002237955729166297e-01,4.958000000000000000e+03
4.423783783783784007e-01,1.017252604166666610e-05,4.999338785807291852e-01,5.000559488932291297e-01,4.975714285714285325e+03
4.493843843843843833e-01,5.086263020833333559e-05,4.999440511067708148e-01,5.000050862630208703e-01,4.992142857142856883e+03
4.563903903903903658e-01,8.138020833333333695e-04,4.988606770833333148e-01,5.003255208333333703e-01,5.016285714285714675e+03
4.633963963963964039e-01,6.383260091145833695e-04,4.968007405598958148e-01,5.025609334309896203e-01,5.036571428571428442e+03
4.704024024024023864e-01,1.017252604166666610e-05,4.999796549479166852e-01,5.000101725260416297e-01,5.053428571428571558e+03
4.774084084084084245e-01,1.780192057291666576e-04,4.997965494791666852e-01,5.000254313151041297e-01,5.073142857142856883e+03
4.844144144144144071e-01,5.086263020833333695e-04,4.990743001302083148e-01,5.004170735677083703e-01,5.092000000000000000e+03
4.914204204204204451e-01,2.415974934895833478e-03,4.970906575520833148e-01,5.004933675130208703e-01,5.112285714285714675e+03
4.984264264264264277e-01,1.017252604166666610e-05,4.998575846354166852e-01,5.001322428385416297e-01,5.129000000000000000e+03
5.054324324324324103e-01,2.797444661458333220e-05,4.998524983723958148e-01,5.001195271809896203e-01,5.150142857142856883e+03
5.124384384384383928e-01,1.042683919270833288e-04,4.998524983723958148e-01,5.000432332356771203e-01,5.169285714285714675e+03
5.194444444444444864e-01,2.848307291666666847e-04,4.996134440104166852e-01,5.001017252604166297e-01,5.191000000000000000e+03
5.264504504504504689e-01,1.118977864583333288e-04,4.996846516927083148e-01,5.002034505208333703e-01,5.210857142857143117e+03
5.334564564564564515e-01,1.454671223958333261e-03,4.966328938802083148e-01,5.019124348958333703e-01,5.232857142857143117e+03
5.404624624624624341e-01,5.696614583333333695e-04,4.991200764973958148e-01,5.003102620442708703e-01,5.251857142857143117e+03
5.474684684684684166e-01,6.459554036458333695e-04,4.992192586263020648e-01,5.001347859700521203e-01,5.271285714285714675e+03
5.544744744744745102e-01,1.017252604166666610e-05,4.999796549479166852e-01,5.000101725260416297e-01,5.292571428571428442e+03
5.614804804804804927e-01,2.400716145833333478e-03,4.956258138020833148e-01,5.019734700520833703e-01,5.315714285714285325e+03
5.684864864864864753e-01,3.397623697916666522e-03,4.962565104166666852e-01,5.003458658854166297e-01,5.334285714285714675e+03
5.754924924924924579e-01,1.958211263020833424e-04,4.994405110677083148e-01,5.003636678059896203e-01,5.356571428571428442e+03
5.824984984984985514e-01,2.543131510416666780e-05,4.999415079752604352e-01,5.000330607096353797e-01,5.377857142857143117e+03
5.895045045045045340e-01,4.069010416666666441e-05,4.999491373697916852e-01,5.000101725260416297e-01,5.397571428571428442e+03
5.965105105105105165e-01,4.785283406575521065e-02,4.999974568684895648e-01,4.521497090657551898e-01,5.390857142857143117e+03
6.035165165165164991e-01,4.720052083333333565e-02,4.999593098958333148e-01,4.528401692708333148e-01,5.413857142857143117e+03
6.105225225225224817e-01,4.928080240885416435e-02,4.999949137369791852e-01,4.507242838541666852e-01,5.432428571428571558e+03
6.175285285285285752e-01,4.946645100911458565e-02,4.997151692708333148e-01,4.508183797200520648e-01,5.451571428571428442e+03
6.245345345345345578e-01,1.032511393229166739e-03,6.238810221354166297e-01,3.750864664713541852e-01,5.377428571428571558e+03
6.315405405405405403e-01,5.823771158854166305e-04,6.229426066080728797e-01,3.764750162760416852e-01,5.391285714285714675e+03
6.385465465465465229e-01,8.748372395833333695e-04,6.226399739583333703e-01,3.764851888020833148e-01,5.407142857142856883e+03
6.455525525525525055e-01,6.510416666666666305e-04,6.227213541666666297e-01,3.766276041666666852e-01,5.423428571428571558e+03
6.525585585585585990e-01,4.984537760416666305e-04,6.238962809244791297e-01,3.756052652994791852e-01,5.442285714285714675e+03
6.595645645645645816e-01,7.273356119791666305e-04,6.186625162760416297e-01,3.806101481119791852e-01,5.460285714285714675e+03
6.665705705705705642e-01,1.042683919270833288e-04,6.149266560872396203e-01,3.849690755208333148e-01,5.475000000000000000e+03
6.735765765765765467e-01,2.543131510416666780e-05,6.144968668619791297e-01,3.854777018229166852e-01,5.491428571428571558e+03
6.805825825825825293e-01,3.153483072916666847e-04,6.128641764322916297e-01,3.868204752604166852e-01,5.506857142857143117e+03
6.875885885885886228e-01,5.671183268229166305e-04,6.156908671061197547e-01,3.837420145670573102e-01,5.523857142857143117e+03
6.945945945945946054e-01,5.086263020833333051e-06,6.119359334309896203e-01,3.880589803059895648e-01,5.539571428571428442e+03
7.016006006006005880e-01,7.069905598958333695e-04,6.101125081380208703e-01,3.891805013020833148e-01,5.556571428571428442e+03
7.086066066066065705e-01,1.932779947916666576e-04,6.103464762369791297e-01,3.894602457682291852e-01,5.573285714285714675e+03
7.156126126126126641e-01,8.824666341145833695e-04,6.202901204427083703e-01,3.788274129231770648e-01,5.590714285714285325e+03
7.226186186186186466e-01,2.164204915364583478e-03,6.363728841145833703e-01,3.614629109700520648e-01,5.610285714285714675e+03
7.296246246246246292e-01,2.034505208333333220e-05,6.393636067708333703e-01,3.606160481770833148e-01,5.625857142857143117e+03
7.366306306306306118e-01,6.930033365885417118e-05,6.347548166910806922e-01,3.651758829752604352e-01,5.640714285714285325e+03
7.436366366366365943e-01,1.551310221354166576e-04,6.321856180826822547e-01,3.676592508951823102e-01,5.657714285714285325e+03
7.506426426426426879e-01,8.036295572916666305e-04,6.367136637369791297e-01,3.624827067057291852e-01,5.671571428571428442e+03
7.576486486486486704e-01,1.057942708333333261e-03,6.407063802083333703e-01,3.582356770833333148e-01,5.690571428571428442e+03
7.646546546546546530e-01,1.383463541666666739e-03,6.387583414713541297e-01,3.598581949869791852e-01,5.704714285714285325e+03
7.716606606606606356e-01,3.087361653645833478e-03,6.316731770833333703e-01,3.652394612630208148e-01,5.722285714285714675e+03
7.786666666666666181e-01,3.245035807291666522e-03,6.333719889322916297e-01,3.633829752604166852e-01,5.738714285714285325e+03
7.856726726726727117e-01,1.261393229166666739e-03,6.341654459635416297e-01,3.645731608072916852e-01,5.755000000000000000e+03
7.926786786786786942e-01,4.659016927083333044e-03,6.350606282552083703e-01,3.602803548177083148e-01,5.770285714285714675e+03
7.996846846846846768e-01,2.503712972005208478e-03,6.789449055989583703e-01,3.185513814290364398e-01,5.785428571428571558e+03
8.066906906906906594e-01,2.171834309895833478e-03,6.841939290364583703e-01,3.136342366536458148e-01,5.799857142857143117e+03
8.136966966966966419e-01,4.781087239583333044e-03,6.810048421223958703e-01,3.142140706380208148e-01,5.812000000000000000e+03
8.207027027027027355e-01,5.574544270833333044e-03,6.801808675130208703e-01,3.142445882161458148e-01,5.826142857142856883e+03
8.277087087087087180e-01,4.933675130208333044e-03,6.812413533528646203e-01,3.138249715169270648e-01,5.836857142857143117e+03
8.347147147147147006e-01,7.258097330729166956e-03,6.799418131510416297e-01,3.128000895182291852e-01,5.850714285714285325e+03
8.417207207207206832e-01,3.153483072916666847e-04,6.866251627604166297e-01,3.130594889322916852e-01,5.865000000000000000e+03
8.487267267267267767e-01,4.710515340169270544e-03,6.810410817464193078e-01,3.142484029134114398e-01,5.879285714285714675e+03
8.557327327327327593e-01,3.011067708333333478e-03,6.842549641927083703e-01,3.127339680989583148e-01,5.893428571428571558e+03
8.627387387387387419e-01,2.619425455729166522e-03,6.845270792643228797e-01,3.128534952799479352e-01,5.907285714285714675e+03
8.697447447447447244e-01,3.712972005208333153e-04,6.864827473958333703e-01,3.131459554036458148e-01,5.919857142857143117e+03
8.767507507507507070e-01,4.984537760416666956e-03,6.810709635416666297e-01,3.139444986979166852e-01,5.933428571428571558e+03
8.837567567567568005e-01,5.246480305989583044e-03,6.810658772786458703e-01,3.136876424153645648e-01,5.946142857142856883e+03
8.907627627627627831e-01,1.430257161458333391e-02,6.874287923177083703e-01,2.982686360677083148e-01,5.961142857142856883e+03
8.977687687687687657e-01,1.645787556966145718e-02,6.870396931966146203e-01,2.965024312337239398e-01,5.974571428571428442e+03
9.047747747747747482e-01,1.051839192708333391e-02,6.872456868489583703e-01,3.022359212239583148e-01,5.988428571428571558e+03
9.117807807807807308e-01,7.985432942708333912e-03,6.873982747395833703e-01,3.046162923177083148e-01,5.999428571428571558e+03
9.187867867867868243e-01,5.711873372395833044e-03,6.916936238606771203e-01,3.025945027669270648e-01,6.014857142857143117e+03
9.257927927927928069e-01,1.653035481770833261e-03,7.086079915364583703e-01,2.897389729817708148e-01,6.026714285714285325e+03
9.327987987987987895e-01,1.711527506510416739e-03,7.102076212565103797e-01,2.880808512369791852e-01,6.036857142857143117e+03
9.398048048048047720e-01,5.507151285807291956e-03,7.080904642740885047e-01,2.864023844401041852e-01,6.049714285714285325e+03
9.468108108108107546e-01,2.248128255208333478e-03,7.095769246419271203e-01,2.881749471028645648e-01,6.061571428571428442e+03
9.538168168168168481e-01,1.963297526041666522e-03,7.062327067057291297e-01,2.918039957682291852e-01,6.076285714285714675e+03
9.608228228228228307e-01,2.268473307291666522e-03,7.156321207682291297e-01,2.820994059244791852e-01,6.089714285714285325e+03
9.678288288288288133e-01,8.664449055989583912e-03,6.987431844075521203e-01,2.925923665364583148e-01,6.102571428571428442e+03
9.748348348348347958e-01,9.221394856770833912e-03,6.985219319661458703e-01,2.922566731770833148e-01,6.116142857142856883e+03
9.818408408408408894e-01,2.053578694661458424e-04,7.175191243489583703e-01,2.822755177815755023e-01,6.125714285714285325e+03
9.888468468468468719e-01,1.307169596354166739e-03,7.161814371744791297e-01,2.825113932291666852e-01,6.138571428571428442e+03
9.958528528528528545e-01,1.134554545084635489e-03,7.174669901529947547e-01,2.813984553019205914e-01,6.148714285714285325e+03
1.002858858858858726e+00,5.411783854166666956e-03,7.078043619791666297e-01,2.867838541666666852e-01,6.161000000000000000e+03
1.009864864864864709e+00,5.696614583333333044e-03,7.081044514973958703e-01,2.861989339192708148e-01,6.170285714285714675e+03
1.016870870870870691e+00,1.363118489583333261e-03,7.169698079427083703e-01,2.816670735677083148e-01,6.182857142857143117e+03
1.023876876876876674e+00,3.901163736979166522e-03,7.130076090494791297e-01,2.830912272135416852e-01,6.192142857142856883e+03
1.030882882882882878e+00,2.583821614583333478e-03,7.154744466145833703e-01,2.819417317708333148e-01,6.203571428571428442e+03
1.037888888888888861e+00,9.854634602864582611e-04,7.163098653157552453e-01,2.827046712239583148e-01,6.213571428571428442e+03
1.044894894894894843e+00,1.790364583333333261e-03,7.148946126302083703e-01,2.833150227864583148e-01,6.227142857142856883e+03
1.051900900900900826e+00,2.619425455729166522e-03,7.135264078776041297e-01,2.838541666666666852e-01,6.239428571428571558e+03
1.058906906906906809e+00,9.663899739583333695e-04,7.121632893880208703e-01,2.868703206380208148e-01,6.249571428571428442e+03
1.065912912912912791e+00,2.766927083333333478e-03,7.134602864583333703e-01,2.837727864583333148e-01,6.262000000000000000e+03
1.072918918918918774e+00,9.969075520833332611e-04,7.160847981770833703e-01,2.829182942708333148e-01,6.274285714285714675e+03
1.079924924924924756e+00,5.335489908854166956e-03,7.123819986979166297e-01,2.822825113932291852e-01,6.285285714285714675e+03
1.086930930930930739e+00,2.606709798177083478e-03,7.154019673665364953e-01,2.819913228352864398e-01,6.295571428571428442e+03
1.093936936936936721e+00,2.314249674479166522e-03,7.143885294596353797e-01,2.832972208658854352e-01,6.306142857142856883e+03
1.100942942942942926e+00,2.611796061197916522e-03,7.175699869791666297e-01,2.798182169596354352e-01,6.315714285714285325e+03
1.107948948948948908e+00,1.485188802083333261e-03,7.237141927083333703e-01,2.748006184895833148e-01,6.326857142857143117e+03
1.114954954954954891e+00,6.123860677083333044e-03,7.064107259114583703e-01,2.874654134114583148e-01,6.340285714285714675e+03
1.121960960960960874e+00,1.302083333333333261e-03,7.239583333333333703e-01,2.747395833333333148e-01,6.350285714285714675e+03
1.128966966966966856e+00,3.584543863932291522e-03,7.252604166666666297e-01,2.711550394694010602e-01,6.358571428571428442e+03
1.135972972972972839e+00,2.364476521809895978e-03,7.205975850423177453e-01,2.770379384358723773e-01,6.370714285714285325e+03
1.142978978978978821e+00,1.559575398763020761e-03,7.201436360677083703e-01,2.782967885335286273e-01,6.380857142857143117e+03
1.149984984984984804e+00,6.047566731770833044e-03,7.222646077473958703e-01,2.716878255208333148e-01,6.390428571428571558e+03
1.156990990990990786e+00,3.458658854166666847e-04,7.263819376627603797e-01,2.732721964518229352e-01,6.401000000000000000e+03
1.163996996996996991e+00,1.719156901041666739e-03,7.309366861979166297e-01,2.673441569010416852e-01,6.411000000000000000e+03
1.171003003003002974e+00,5.205790201822916956e-03,7.395807902018228797e-01,2.552134195963541852e-01,6.426000000000000000e+03
1.178009009009008956e+00,1.963297526041666522e-03,7.273661295572916297e-01,2.706705729166666852e-01,6.432857142857143117e+03
1.185015015015014939e+00,2.370198567708333478e-03,7.254536946614583703e-01,2.721761067708333148e-01,6.442000000000000000e+03
1.192021021021020921e+00,2.634684244791666522e-03,7.248942057291666297e-01,2.724711100260416852e-01,6.451714285714285325e+03
1.199027027027026904e+00,3.285725911458333478e-03,7.214558919270833703e-01,2.752583821614583148e-01,6.464285714285714675e+03
1.206033033033032886e+00,1.958211263020833478e-03,7.470601399739583703e-01,2.509816487630208148e-01,6.473000000000000000e+03
1.213039039039038869e+00,1.729329427083333424e-04,7.486470540364583703e-01,2.511800130208333148e-01,6.482428571428571558e+03
1.220045045045044851e+00,6.022135416666666956e-03,7.432657877604166297e-01,2.507120768229166852e-01,6.492285714285714675e+03
1.227051051051050834e+00,7.375081380208332882e-05,7.497227986653646203e-01,2.502034505208333148e-01,6.500285714285714675e+03
1.234057057057057039e+00,1.263936360677083261e-03,7.483266194661458703e-01,2.504094441731770648e-01,6.509714285714285325e+03
1.241063063063063021e+00,1.271565755208333424e-04,7.498601277669271203e-01,2.500127156575520648e-01,6.518714285714285325e+03
1.248069069069069004e+00,2.955118815104166522e-03,7.460962931315103797e-01,2.509485880533854352e-01,6.528285714285714675e+03
1.255075075075074986e+00,2.218882242838541576e-04,7.490374247233072547e-01,2.507406870524088727e-01,6.536857142857143117e+03
1.262081081081080969e+00,2.680460611979166522e-03,7.444101969401041297e-01,2.529093424479166852e-01,6.546285714285714675e+03
1.269087087087086951e+00,2.536137898763020978e-03,7.446816762288411828e-01,2.527821858723958148e-01,6.556000000000000000e+03
1.276093093093092934e+00,3.560384114583333559e-05,7.499287923177083703e-01,2.500356038411458148e-01,6.563285714285714675e+03
1.283099099099098916e+00,8.595784505208333695e-04,7.483876546223958703e-01,2.507527669270833148e-01,6.572857142857143117e+03
1.290105105105104899e+00,1.805623372395833261e-03,7.471516927083333703e-01,2.510426839192708148e-01,6.580714285714285325e+03
1.297111111111111104e+00,9.791056315104167118e-05,7.473284403483072547e-01,2.525736490885416852e-01,6.590142857142856883e+03
1.304117117117117086e+00,4.069010416666666441e-05,7.479654947916666297e-01,2.519938151041666852e-01,6.598714285714285325e+03
1.311123123123123069e+00,2.085367838541666576e-04,7.476145426432291297e-01,2.521769205729166852e-01,6.607714285714285325e+03
1.318129129129129051e+00,1.551310221354166576e-04,7.480341593424478797e-01,2.518107096354166852e-01,6.616000000000000000e+03
1.325135135135135034e+00,6.510416666666666305e-04,7.486979166666666297e-01,2.506510416666666852e-01,6.625857142857143117e+03
1.332141141141141016e+00,1.627604166666666576e-04,7.497889200846353797e-01,2.500483194986979352e-01,6.633142857142856883e+03
1.339147147147146999e+00,4.069010416666666441e-05,7.479349772135416297e-01,2.520243326822916852e-01,6.643000000000000000e+03
1.346153153153152982e+00,1.780192057291666576e-04,7.469736735026041297e-01,2.528483072916666852e-01,6.651428571428571558e+03
1.353159159159158964e+00,1.551310221354166576e-04,7.467676798502603797e-01,2.530771891276041852e-01,6.658285714285714675e+03
1.360165165165164947e+00,5.289713541666666305e-04,7.459513346354166297e-01,2.535196940104166852e-01,6.666000000000000000e+03
1.367171171171171151e+00,5.823771158854166305e-04,7.460505167643228797e-01,2.533671061197916852e-01,6.674714285714285325e+03
1.374177177177177134e+00,1.149495442708333261e-03,7.460835774739583703e-01,2.527669270833333148e-01,6.685000000000000000e+03
1.381183183183183116e+00,1.042683919270833261e-03,7.459538777669271203e-01,2.530034383138020648e-01,6.692285714285714675e+03
1.388189189189189099e+00,1.576741536458333424e-04,7.477010091145833703e-01,2.521413167317708148e-01,6.701571428571428442e+03
1.395195195195195081e+00,2.377827962239583424e-04,7.476933797200521203e-01,2.520688374837239398e-01,6.710714285714285325e+03
1.402201201201201064e+00,3.560384114583333559e-05,7.495625813802083703e-01,2.504018147786458148e-01,6.717714285714285325e+03
1.409207207207207047e+00,2.161661783854166576e-04,7.484614054361978797e-01,2.513224283854166852e-01,6.725571428571428442e+03
1.416213213213213029e+00,1.780192057291666780e-05,7.498995463053385047e-01,2.500826517740885602e-01,6.733285714285714675e+03
1.423219219219219012e+00,1.017252604166666610e-05,7.492319742838541297e-01,2.507578531901041852e-01,6.742142857142856883e+03
1.430225225225225216e+00,8.900960286458333898e-06,7.494405110677083703e-01,2.505505879720051898e-01,6.749000000000000000e+03
1.437231231231231199e+00,1.627604166666666576e-04,7.494303385416666297e-01,2.504069010416666852e-01,6.758428571428571558e+03
1.444237237237237181e+00,2.415974934895833220e-05,7.497762044270833703e-01,2.501996358235676898e-01,6.766285714285714675e+03
1.451243243243243164e+00,2.034505208333333220e-05,7.492726643880208703e-01,2.507069905598958148e-01,6.774000000000000000e+03
1.458249249249249146e+00,1.627604166666666576e-04,7.494608561197916297e-01,2.503763834635416852e-01,6.781142857142856883e+03
1.465255255255255129e+00,1.538594563802083424e-04,7.495625813802083703e-01,2.502835591634114398e-01,6.789000000000000000e+03
1.472261261261261112e+00,4.069010416666666441e-05,7.496134440104166297e-01,2.503458658854166852e-01,6.796285714285714675e+03
1.479267267267267094e+00,7.756551106770832882e-05,7.480099995930989953e-01,2.519124348958333148e-01,6.804857142857143117e+03
1.486273273273273077e+00,2.543131510416666847e-04,7.486979166666666297e-01,2.510477701822916852e-01,6.812000000000000000e+03
1.493279279279279059e+00,1.424153645833333424e-04,7.484944661458333703e-01,2.513631184895833148e-01,6.820142857142856883e+03
1.500285285285285264e+00,1.424153645833333424e-04,7.487538655598958703e-01,2.511037190755208148e-01,6.828428571428571558e+03
1.507291291291291246e+00,7.120768229166667118e-05,7.488505045572916297e-01,2.510782877604166852e-01,6.837000000000000000e+03
1.514297297297297229e+00,3.560384114583333559e-05,7.498677571614583703e-01,2.500966389973958148e-01,6.845000000000000000e+03
1.521303303303303212e+00,9.663899739583332882e-05,7.499287923177083703e-01,2.499745686848958426e-01,6.851857142857143117e+03
1.528309309309309194e+00,4.450480143229166441e-05,7.499949137369791297e-01,2.499605814615885324e-01,6.858428571428571558e+03
1.535315315315315177e+00,2.166620890299479282e-02,7.481104532877603797e-01,2.302233378092447824e-01,6.871714285714285325e+03
1.542321321321321159e+00,2.195485432942708218e-02,7.491124471028646203e-01,2.289326985677083426e-01,6.878428571428571558e+03
1.549327327327327142e+00,2.164713541666666782e-02,7.499949137369791297e-01,2.283579508463541574e-01,6.886142857142856883e+03
1.556333333333333124e+00,8.951822916666666305e-04,7.499186197916666297e-01,2.491861979166666574e-01,6.886571428571428442e+03
1.563339339339339329e+00,2.034505208333333424e-04,7.498830159505208703e-01,2.499135335286458426e-01,6.892285714285714675e+03
1.570345345345345311e+00,6.281534830729166305e-04,7.496515909830728797e-01,2.497202555338541574e-01,6.901285714285714675e+03
1.577351351351351294e+00,1.513163248697916739e-03,7.497889200846353797e-01,2.486979166666666574e-01,6.908285714285714675e+03
1.584357357357357277e+00,7.130940755208333044e-03,7.493642171223958703e-01,2.435048421223958426e-01,6.912857142857143117e+03
1.591363363363363259e+00,7.176717122395833044e-03,7.495930989583333703e-01,2.432301839192708426e-01,6.920571428571428442e+03
1.598369369369369242e+00,4.927317301432291956e-03,7.487436930338541297e-01,2.463289896647135324e-01,6.928000000000000000e+03
1.605375375375375224e+00,6.502787272135416956e-03,7.499949137369791297e-01,2.435022989908854074e-01,6.934714285714285325e+03
1.612381381381381207e+00,6.154378255208333044e-03,7.497151692708333703e-01,2.441304524739583426e-01,6.942285714285714675e+03
1.619387387387387189e+00,8.302052815755208912e-03,7.499974568684896203e-01,2.417004903157552176e-01,6.950000000000000000e+03
1.626393393393393172e+00,2.309163411458333218e-02,7.497151692708333703e-01,2.271931966145833426e-01,6.958857142857143117e+03
1.633399399399399377e+00,2.230199178059895718e-02,7.494672139485677453e-01,2.282307942708333426e-01,6.966714285714285325e+03
1.640405405405405359e+00,1.791127522786458218e-02,7.483647664388021203e-01,2.337239583333333426e-01,6.974857142857143117e+03
1.647411411411411342e+00,1.691691080729166782e-02,7.494074503580728797e-01,2.336756388346354074e-01,6.981142857142856883e+03
1.654417417417417324e+00,1.822408040364583218e-02,7.487004597981771203e-01,2.330754597981770926e-01,6.988714285714285325e+03
1.661423423423423307e+00,1.845709482828776157e-02,7.486988703409830359e-01,2.328440348307291574e-01,6.995857142857143117e+03
1.668429429429429289e+00,1.430257161458333391e-02,7.497456868489583703e-01,2.359517415364583426e-01,7.002857142857143117e+03
1.675435435435435272e+00,1.401011149088541609e-02,7.498118082682291297e-01,2.361780802408854074e-01,7.010142857142856883e+03
1.682441441441441254e+00,1.575215657552083218e-02,7.498772939046224328e-01,2.343705495198567801e-01,7.015714285714285325e+03
1.689447447447447237e+00,1.603190104166666782e-02,7.495981852213541297e-01,2.343699137369791574e-01,7.024285714285714675e+03
1.696453453453453442e+00,8.900960286458333695e-04,7.499593098958333703e-01,2.491505940755208426e-01,7.032571428571428442e+03
1.703459459459459424e+00,2.620442708333333218e-02,7.495320638020833703e-01,2.242635091145833426e-01,7.038142857142856883e+03
1.710465465465465407e+00,2.701695760091145718e-02,7.496770222981771203e-01,2.233060201009114676e-01,7.045285714285714675e+03
1.717471471471471389e+00,1.440938313802083391e-02,7.497151692708333703e-01,2.358754475911458426e-01,7.052571428571428442e+03
1.724477477477477372e+00,1.439539591471354109e-02,7.496363321940103797e-01,2.359682718912760324e-01,7.060000000000000000e+03
1.731483483483483354e+00,1.493708292643229109e-02,7.494188944498697547e-01,2.356440226236979074e-01,7.067571428571428442e+03
1.738489489489489337e+00,1.526133219401041609e-02,7.496287027994791297e-01,2.351099650065104074e-01,7.073714285714285325e+03
1.745495495495495319e+00,1.374308268229166609e-02,7.499720255533853797e-01,2.362848917643229074e-01,7.081285714285714675e+03
1.752501501501501302e+00,5.991617838541666956e-03,7.495829264322916297e-01,2.444254557291666574e-01,7.089857142857143117e+03
1.759507507507507285e+00,9.450276692708333912e-03,7.496999104817708703e-01,2.408498128255208426e-01,7.096428571428571558e+03
1.766513513513513489e+00,1.029459635416666609e-02,7.488276163736978797e-01,2.408777872721354074e-01,7.103142857142856883e+03
1.773519519519519472e+00,2.492268880208333153e-04,7.499287923177083703e-01,2.498219807942708426e-01,7.109857142857143117e+03
1.780525525525525454e+00,1.118977864583333261e-03,7.499135335286458703e-01,2.489674886067708426e-01,7.118571428571428442e+03
1.787531531531531437e+00,3.107706705729166522e-03,7.494227091471353797e-01,2.474695841471354074e-01,7.124000000000000000e+03
1.794537537537537419e+00,2.262369791666666782e-02,7.491861979166666297e-01,2.281901041666666574e-01,7.132285714285714675e+03
1.801543543543543402e+00,2.749888102213541782e-02,7.499567667643228797e-01,2.225443522135416574e-01,7.137571428571428442e+03
1.808549549549549385e+00,2.772839864095051968e-02,7.499612172444661828e-01,2.223103841145833426e-01,7.145285714285714675e+03
1.815555555555555367e+00,2.843221028645833218e-02,7.497304280598958703e-01,2.218373616536458426e-01,7.152428571428571558e+03
1.822561561561561350e+00,1.578776041666666782e-02,7.499949137369791297e-01,2.342173258463541574e-01,7.157000000000000000e+03
1.829567567567567554e+00,1.871744791666666782e-02,7.493616739908853797e-01,2.319208780924479074e-01,7.163285714285714675e+03
1.836573573573573537e+00,1.878865559895833218e-02,7.496388753255208703e-01,2.315724690755208426e-01,7.170000000000000000e+03
1.843579579579579519e+00,2.031262715657551968e-02,7.495959599812825891e-01,2.300914128621419363e-01,7.176571428571428442e+03
1.850585585585585502e+00,2.083428700764973843e-02,7.493480046590169641e-01,2.298177083333333426e-01,7.183857142857143117e+03
1.857591591591591484e+00,2.066294352213541782e-02,7.494379679361978797e-01,2.298990885416666574e-01,7.190428571428571558e+03
1.864597597597597467e+00,2.161916097005208218e-02,7.496388753255208703e-01,2.287419637044270926e-01,7.198285714285714675e+03
1.871603603603603450e+00,2.759297688802083218e-02,7.495015462239583703e-01,2.229054768880208426e-01,7.202428571428571558e+03
1.878609609609609432e+00,2.758916219075520718e-02,7.498753865559896203e-01,2.225354512532552176e-01,7.208285714285714675e+03
1.885615615615615415e+00,2.765019734700520718e-02,7.499287923177083703e-01,2.224210103352864676e-01,7.214428571428571558e+03
1.892621621621621397e+00,2.736409505208333218e-02,7.499974568684896203e-01,2.226384480794270926e-01,7.221142857142856883e+03
1.899627627627627602e+00,2.085367838541666782e-02,7.499796549479166297e-01,2.291666666666666574e-01,7.231857142857143117e+03
1.906633633633633584e+00,2.964274088541666782e-02,7.487894694010416297e-01,2.215677897135416574e-01,7.236285714285714675e+03
1.913639639639639567e+00,2.259953816731770718e-02,7.494824727376302453e-01,2.279179890950520926e-01,7.246000000000000000e+03
1.920645645645645549e+00,1.909383138020833218e-02,7.499898274739583703e-01,2.309163411458333426e-01,7.251142857142856883e+03
1.927651651651651532e+00,2.916971842447916782e-02,7.497812906901041297e-01,2.210489908854166574e-01,7.254000000000000000e+03
1.934657657657657515e+00,2.860005696614583218e-02,7.499974568684896203e-01,2.214024861653645926e-01,7.260000000000000000e+03
1.941663663663663497e+00,3.075154622395833218e-02,7.491200764973958703e-01,2.201283772786458426e-01,7.265000000000000000e+03
1.948669669669669480e+00,3.069559733072916782e-02,7.493158976236978797e-01,2.199885050455729074e-01,7.271571428571428442e+03
1.955675675675675462e+00,3.076680501302083218e-02,7.494939168294271203e-01,2.197392781575520926e-01,7.277714285714285325e+03
1.962681681681681667e+00,2.988179524739583218e-02,7.499898274739583703e-01,2.201283772786458426e-01,7.285857142857143117e+03
1.969687687687687649e+00,3.007380167643229282e-02,7.487513224283853797e-01,2.211748758951822824e-01,7.293000000000000000e+03
1.976693693693693632e+00,3.042570749918619907e-02,7.485062281290689734e-01,2.210680643717447824e-01,7.299714285714285325e+03
1.983699699699699615e+00,2.914555867513020718e-02,7.492669423421224328e-01,2.215874989827474051e-01,7.305571428571428442e+03
1.990705705705705597e+00,3.048451741536458218e-02,7.495854695638021203e-01,2.199300130208333426e-01,7.312714285714285325e+03
1.997711711711711580e+00,3.047307332356770718e-02,7.499631245930989953e-01,2.195638020833333426e-01,7.317428571428571558e+03
2.004717717717717562e+00,3.081766764322916782e-02,7.497545878092447547e-01,2.194277445475260324e-01,7.324571428571428442e+03
2.011723723723723545e+00,3.027089436848958218e-02,7.499783833821614953e-01,2.197507222493489676e-01,7.329571428571428442e+03
2.018729729729729527e+00,2.975718180338541782e-02,7.495905558268228797e-01,2.206522623697916574e-01,7.337571428571428442e+03
2.025735735735735510e+00,3.175099690755208565e-02,7.499974568684896203e-01,2.182515462239583426e-01,7.342428571428571558e+03
2.032741741741741492e+00,6.240971883138021065e-02,7.499173482259114953e-01,1.876729329427083426e-01,7.350428571428571558e+03
2.039747747747747475e+00,6.213633219401041435e-02,7.497126261393228797e-01,1.881510416666666574e-01,7.356000000000000000e+03
2.046753753753753458e+00,3.133900960286458565e-02,7.499974568684896203e-01,2.186635335286458426e-01,7.361571428571428442e+03
2.053759759759759440e+00,6.247456868489583565e-02,7.499898274739583703e-01,1.875356038411458426e-01,7.368571428571428442e+03
2.060765765765765867e+00,6.245930989583333565e-02,7.499593098958333703e-01,1.875813802083333426e-01,7.374571428571428442e+03
2.067771771771771849e+00,1.471964518229166609e-02,8.109690348307291297e-01,1.743113199869791574e-01,7.334428571428571558e+03
2.074777777777777832e+00,5.114237467447916956e-03,8.123194376627603797e-01,1.825663248697916574e-01,7.335571428571428442e+03
2.081783783783783814e+00,4.102071126302083044e-03,8.124669392903646203e-01,1.834309895833333426e-01,7.339000000000000000e+03
2.088789789789789797e+00,4.099527994791666956e-03,8.124033610026041297e-01,1.834971110026041574e-01,7.344857142857143117e+03
2.095795795795795780e+00,3.987630208333333044e-03,8.124898274739583703e-01,1.835225423177083426e-01,7.349714285714285325e+03
2.102801801801801762e+00,7.456461588541666956e-03,8.123728434244791297e-01,1.801706949869791574e-01,7.356000000000000000e+03
2.109807807807807745e+00,7.481892903645833044e-03,8.114827473958333703e-01,1.810353597005208426e-01,7.363142857142856883e+03
2.116813813813813727e+00,1.558176676432291609e-02,8.120142618815103797e-01,1.724039713541666574e-01,7.368000000000000000e+03
2.123819819819819710e+00,1.552327473958333391e-02,8.124898274739583703e-01,1.719868977864583426e-01,7.371571428571428442e+03
2.130825825825825692e+00,1.500447591145833261e-03,8.227132161458333703e-01,1.757863362630208426e-01,7.367857142857143117e+03
2.137831831831831675e+00,1.468912760416666609e-02,8.122965494791666297e-01,1.730143229166666574e-01,7.381571428571428442e+03
2.144837837837837657e+00,1.514180501302083391e-02,8.118108113606771203e-01,1.730473836263020926e-01,7.386142857142856883e+03
2.151843843843843640e+00,1.714579264322916782e-02,8.124033610026041297e-01,1.704508463541666574e-01,7.390714285714285325e+03
2.158849849849849623e+00,1.668802897135416782e-02,8.124491373697916297e-01,1.708628336588541574e-01,7.396142857142856883e+03
2.165855855855855605e+00,1.601664225260416782e-02,8.121134440104166297e-01,1.718699137369791574e-01,7.400285714285714675e+03
2.172861861861861588e+00,2.245585123697916522e-03,8.394495646158853797e-01,1.583048502604166574e-01,7.396714285714285325e+03
2.179867867867867570e+00,2.405802408854166522e-03,8.389994303385416297e-01,1.585947672526041574e-01,7.401857142857143117e+03
2.186873873873873553e+00,2.276102701822916522e-03,8.390604654947916297e-01,1.586634318033854074e-01,7.406571428571428442e+03
2.193879879879879979e+00,2.583821614583333478e-03,8.383992513020833703e-01,1.590169270833333426e-01,7.410285714285714675e+03
2.200885885885885962e+00,2.276102701822916522e-03,8.313967386881510047e-01,1.663271586100260324e-01,7.415857142857143117e+03
2.207891891891891945e+00,4.048665364583333044e-03,8.344319661458333703e-01,1.615193684895833426e-01,7.419714285714285325e+03
2.214897897897897927e+00,3.176371256510416522e-03,8.348871866861978797e-01,1.619364420572916574e-01,7.423285714285714675e+03
2.221903903903903910e+00,4.697163899739583044e-03,8.335774739583333703e-01,1.617253621419270926e-01,7.427285714285714675e+03
2.228909909909909892e+00,4.679361979166666956e-03,8.332926432291666297e-01,1.620279947916666574e-01,7.432285714285714675e+03
