# time,semantic,grammar,climb,minimum
1.000000000000000021e-03,1.250305175635943178e-01,1.850371707708594131e-17,8.749694824364055989e-01,2.467233333333333121e+03
8.006006006006005996e-03,1.879069010416666574e-01,8.951822916666666305e-04,8.111979166666666297e-01,2.477766666666666879e+03
1.501201201201201110e-02,2.417602539062454758e-01,9.251858538542970657e-18,7.582397460937544409e-01,2.479033333333333303e+03
2.201801801801801795e-02,2.490997314453071709e-01,1.850371707708594131e-17,7.509002685546928291e-01,2.475000000000000000e+03
2.902402402402402479e-02,2.444864908854166574e-01,1.017252604166666712e-04,7.554117838541666297e-01,2.474166666666666515e+03
3.603003003003003163e-02,1.592610677083333426e-01,4.475911458333333153e-04,8.402913411458333703e-01,2.457266666666666879e+03
4.303603603603603500e-02,1.639811197916666574e-01,4.069010416666666441e-05,8.359781901041666297e-01,2.445000000000000000e+03
5.004204204204204531e-02,1.668395996093741396e-01,3.700743415417188263e-17,8.331604003906258882e-01,2.437233333333333121e+03
5.704804804804804869e-02,1.698608398437311262e-01,1.850371707708594131e-17,8.301391601562687628e-01,2.451400000000000091e+03
6.405405405405405206e-02,1.879539489746064052e-01,9.251858538542970657e-18,8.120460510253936226e-01,2.464766666666666879e+03
7.106006006006006237e-02,1.912841796802247085e-01,9.251858538542970657e-18,8.087158203197754025e-01,2.478033333333333303e+03
7.806606606606607268e-02,1.886393229166666574e-01,1.627604166666666576e-04,8.111979166666666297e-01,2.490766666666666879e+03
8.507207207207206912e-02,1.889638900756577533e-01,1.850371707708594131e-17,8.110361099243421634e-01,2.500733333333333121e+03
9.207807807807807943e-02,1.920089721679664463e-01,1.850371707708594131e-17,8.079910278320335815e-01,2.512266666666666879e+03
9.908408408408408974e-02,1.875610351562394251e-01,8.326672684688674053e-17,8.124389648437603251e-01,2.526087499999999636e+03
1.060900900900900862e-01,1.955528259277264924e-01,9.251858538542970657e-18,8.044471740722735076e-01,2.539766666666666879e+03
1.130960960960960965e-01,2.245686848958333426e-01,1.363118489583333261e-03,7.740681966145833703e-01,2.556833333333333485e+03
1.201021021021021068e-01,2.193794250488266540e-01,1.850371707708594131e-17,7.806205749511733183e-01,2.567599999999999909e+03
1.271081081081081032e-01,2.357381184895833426e-01,3.255208333333333153e-04,7.639363606770833703e-01,2.582400000000000091e+03
1.341141141141141135e-01,2.872721354166666852e-01,1.383463541666666739e-03,7.113444010416666297e-01,2.594433333333333394e+03
1.411201201201201239e-01,2.900594075520833148e-01,1.271565755208333261e-03,7.086690266927083703e-01,2.606000000000000000e+03
1.481261261261261342e-01,2.886123657226518091e-01,1.850371707708594131e-17,7.113876342773481909e-01,2.616900000000000091e+03
1.551321321321321445e-01,2.837727864583333148e-01,8.138020833333333695e-04,7.154134114583333703e-01,2.630500000000000000e+03
1.621381381381381270e-01,2.955932617187420064e-01,1.850371707708594131e-17,7.044067382812579936e-01,2.640766666666666879e+03
1.691441441441441373e-01,3.525797526041666852e-01,1.029459635416666609e-02,6.371256510416666297e-01,2.657733333333333121e+03
1.761501501501501477e-01,3.140258789061935452e-01,4.625929269271485328e-18,6.859741210938063993e-01,2.666633333333333212e+03
1.831561561561561580e-01,3.132731119791666852e-01,1.871744791666666739e-03,6.848551432291666297e-01,2.678966666666666697e+03
1.901621621621621683e-01,3.513997395833333148e-01,1.057942708333333391e-02,6.380208333333333703e-01,2.693099999999999909e+03
1.971681681681681786e-01,3.567911783854166852e-01,1.252237955729166609e-02,6.306864420572916297e-01,2.703433333333333394e+03
2.041741741741741611e-01,3.580729166666666852e-01,1.359049479166666609e-02,6.283365885416666297e-01,2.714533333333333303e+03
2.111801801801801715e-01,3.509114583333333148e-01,1.302083333333333391e-02,6.360677083333333703e-01,2.725833333333333485e+03
2.181861861861861818e-01,3.495686848958333148e-01,1.558430989583333391e-02,6.348470052083333703e-01,2.735366666666666788e+03
2.251921921921921921e-01,3.540445963541666852e-01,1.432291666666666609e-02,6.316324869791666297e-01,2.745800000000000182e+03
2.321981981981982024e-01,3.509928385416666852e-01,4.313151041666666956e-03,6.446940104166666297e-01,2.754833333333333485e+03
2.392042042042042127e-01,3.495279947916666852e-01,1.188151041666666609e-02,6.385904947916666297e-01,2.764833333333333485e+03
2.462102102102102230e-01,3.541666666666666852e-01,9.440104166666666088e-03,6.363932291666666297e-01,2.774400000000000091e+03
2.532162162162162056e-01,3.626302083333333148e-01,1.106770833333333391e-02,6.263020833333333703e-01,2.784300000000000182e+03
2.602222222222222436e-01,3.663736979166666852e-01,5.289713541666666956e-03,6.283365885416666297e-01,2.795466666666666697e+03
2.672282282282282262e-01,3.694864908854166852e-01,4.679361979166666956e-03,6.258341471354166297e-01,2.806233333333333121e+03
2.742342342342342087e-01,3.738606770833333148e-01,8.138020833333333695e-04,6.253255208333333703e-01,2.815699999999999818e+03
2.812402402402402468e-01,3.570963541666666852e-01,1.139322916666666739e-03,6.417643229166666297e-01,2.828933333333333394e+03
2.882462462462462294e-01,3.523763020833333148e-01,6.917317708333333695e-04,6.469319661458333703e-01,2.839133333333333212e+03
2.952522522522522674e-01,3.413696289061990963e-01,1.850371707708594131e-17,6.586303710938009592e-01,2.850433333333333394e+03
3.022582582582582500e-01,3.500162760416666852e-01,7.731119791666666305e-04,6.492106119791666297e-01,2.863766666666666879e+03
3.092642642642642881e-01,3.464050292968199329e-01,1.850371707708594131e-17,6.535949707031800671e-01,2.874666666666666515e+03
3.162702702702702706e-01,3.700866699364157575e-01,1.850371707708594131e-17,6.299133300635842980e-01,2.886233333333333121e+03
3.232762762762762532e-01,3.653666178385416852e-01,6.266276041666666956e-03,6.283671061197916297e-01,2.900433333333333394e+03
3.302822822822822912e-01,3.703613281249993894e-01,4.625929269271485328e-18,6.296386718750007772e-01,2.910400000000000091e+03
3.372882882882882738e-01,3.738606770833333148e-01,3.255208333333333153e-04,6.258138020833333703e-01,2.925066666666666606e+03
3.442942942942943119e-01,3.671671549479166852e-01,5.869547526041666956e-03,6.269632975260416297e-01,2.939966666666666697e+03
3.513003003003002944e-01,3.733539507953234637e-01,4.625929269271485328e-18,6.266460492046767028e-01,2.950733333333333121e+03
3.583063063063063325e-01,4.116923014322916852e-01,6.937662760416666956e-03,5.813700358072916297e-01,2.962800000000000182e+03
3.653123123123123150e-01,4.180704752604166852e-01,9.012858072916666088e-03,5.729166666666666297e-01,2.975333333333333485e+03
3.723183183183182976e-01,4.186808268229166852e-01,5.900065104166666956e-03,5.754191080729166297e-01,2.985800000000000182e+03
3.793243243243243357e-01,4.195963541666666852e-01,2.604166666666666522e-03,5.777994791666666297e-01,2.999000000000000000e+03
3.863303303303303182e-01,4.218749999999953926e-01,9.251858538542970657e-18,5.781250000000045519e-01,3.011500000000000000e+03
3.933363363363363563e-01,4.010416666666666852e-01,1.432291666666666609e-02,5.846354166666666297e-01,3.025733333333333121e+03
4.003423423423423388e-01,4.096476236979166852e-01,2.970377604166666522e-03,5.873819986979166297e-01,3.037300000000000182e+03
4.073483483483483214e-01,4.088541666666666852e-01,6.510416666666666956e-03,5.846354166666666297e-01,3.050566666666666606e+03
4.143543543543543595e-01,4.147745768229166852e-01,3.580729166666666522e-03,5.816446940104166297e-01,3.063166666666666515e+03
4.213603603603603420e-01,4.215494791666666852e-01,1.090494791666666609e-02,5.675455729166666297e-01,3.075466666666666697e+03
4.283663663663663801e-01,4.147135416666666852e-01,1.481119791666666609e-02,5.704752604166666297e-01,3.086300000000000182e+03
4.353723723723723626e-01,4.192708333333333148e-01,9.114583333333333912e-03,5.716145833333333703e-01,3.100199999999999818e+03
4.423783783783784007e-01,4.164632161458333148e-01,1.802571614583333218e-02,5.655110677083333703e-01,3.111366666666666788e+03
4.493843843843843833e-01,4.180094401041666852e-01,1.236979166666666609e-02,5.696207682291666297e-01,3.123766666666666879e+03
4.563903903903903658e-01,4.257303873697916852e-01,5.747477213541666956e-03,5.685221354166666297e-01,3.136366666666666788e+03
4.633963963963964039e-01,4.199117024739583148e-01,7.283528645833333044e-03,5.728047688802083703e-01,3.147466666666666697e+03
4.704024024024023864e-01,4.133707682291666852e-01,2.060953776041666782e-02,5.660196940104166297e-01,3.161699999999999818e+03
4.774084084084084245e-01,4.176839192708333148e-01,1.033528645833333391e-02,5.719807942708333703e-01,3.174166666666666515e+03
4.844144144144144071e-01,4.397786458333333148e-01,1.497395833333333391e-02,5.452473958333333703e-01,3.185500000000000000e+03
4.914204204204204451e-01,4.479166666666666852e-01,1.041666666666666609e-02,5.416666666666666297e-01,3.197166666666666515e+03
4.984264264264264277e-01,4.485677083333333148e-01,1.399739583333333391e-02,5.374348958333333703e-01,3.209266666666666879e+03
5.054324324324324103e-01,4.433797200520833148e-01,6.551106770833333044e-03,5.500691731770833703e-01,3.220533333333333303e+03
5.124384384384383928e-01,4.391276041666666852e-01,2.018229166666666782e-02,5.406901041666666297e-01,3.233866666666666788e+03
5.194444444444444864e-01,4.680989583333333148e-01,1.497395833333333391e-02,5.169270833333333703e-01,3.244666666666666515e+03
5.264504504504504689e-01,4.576619466145833148e-01,1.363118489583333391e-02,5.287068684895833703e-01,3.256599999999999909e+03
5.334564564564564515e-01,4.484659830729166852e-01,2.195231119791666782e-02,5.295817057291666297e-01,3.268699999999999818e+03
5.404624624624624341e-01,4.632161458333333148e-01,1.460774739583333391e-02,5.221761067708333703e-01,3.280633333333333212e+03
5.474684684684684166e-01,4.722696940104166852e-01,2.100626627604166782e-02,5.067240397135416297e-01,3.292233333333333121e+03
5.544744744744745102e-01,4.490559895833333148e-01,2.242024739583333218e-02,5.285237630208333703e-01,3.304433333333333394e+03
5.614804804804804927e-01,4.493815104166666852e-01,2.524820963541666782e-02,5.253702799479166297e-01,3.316933333333333394e+03
5.684864864864864753e-01,4.545084635416666852e-01,2.213541666666666782e-02,5.233561197916666297e-01,3.329066666666666606e+03
5.754924924924924579e-01,4.466959635416666852e-01,2.213541666666666782e-02,5.311686197916666297e-01,3.340633333333333212e+03
5.824984984984985514e-01,4.538370768229166852e-01,1.816813151041666782e-02,5.279947916666666297e-01,3.354733333333333121e+03
5.895045045045045340e-01,4.461466471354166852e-01,2.305094401041666782e-02,5.308024088541666297e-01,3.364733333333333121e+03
5.965105105105105165e-01,4.944661458333333148e-01,3.987630208333333044e-03,5.015462239583333703e-01,3.378466666666666697e+03
6.035165165165164991e-01,4.440104166666666852e-01,2.701822916666666782e-02,5.289713541666666297e-01,3.390400000000000091e+03
6.105225225225224817e-01,4.821370442708333148e-01,1.088460286458333391e-02,5.069783528645833703e-01,3.403500000000000000e+03
6.175285285285285752e-01,4.830729166666666852e-01,1.432291666666666609e-02,5.026041666666666297e-01,3.416666666666666515e+03
6.245345345345345578e-01,4.637044270833333148e-01,2.864583333333333218e-02,5.076497395833333703e-01,3.427800000000000182e+03
6.315405405405405403e-01,4.469401041666666852e-01,2.506510416666666782e-02,5.279947916666666297e-01,3.439833333333333485e+03
6.385465465465465229e-01,4.866536458333333148e-01,8.626302083333333912e-03,5.047200520833333703e-01,3.452199999999999818e+03
6.455525525525525055e-01,4.634195963541666852e-01,2.598063151041666782e-02,5.105997721354166297e-01,3.464400000000000091e+03
6.525585585585585990e-01,4.781697591145833148e-01,2.095540364583333218e-02,5.008748372395833703e-01,3.474066666666666606e+03
6.595645645645645816e-01,4.747721354166666852e-01,2.494303385416666782e-02,5.002848307291666297e-01,3.485833333333333485e+03
6.665705705705705642e-01,4.787190755208333148e-01,2.107747395833333218e-02,5.002034505208333703e-01,3.496766666666666879e+03
6.735765765765765467e-01,4.778645833333333148e-01,2.083333333333333218e-02,5.013020833333333703e-01,3.509333333333333485e+03
6.805825825825825293e-01,4.805094401041666852e-01,1.944986979166666782e-02,5.000406901041666297e-01,3.520466666666666697e+03
6.875885885885886228e-01,4.833170572916666852e-01,1.664225260416666782e-02,5.000406901041666297e-01,3.532233333333333121e+03
6.945945945945946054e-01,4.811197916666666852e-01,1.774088541666666782e-02,5.011393229166666297e-01,3.545266666666666879e+03
7.016006006006005880e-01,4.822794596354166852e-01,1.767985026041666782e-02,5.000406901041666297e-01,3.556566666666666606e+03
7.086066066066065705e-01,4.832356770833333148e-01,1.643880208333333218e-02,5.003255208333333703e-01,3.568133333333333212e+03
7.156126126126126641e-01,4.830729166666666852e-01,1.627604166666666782e-02,5.006510416666666297e-01,3.581199999999999818e+03
7.226186186186186466e-01,4.841715494791666852e-01,1.566569010416666782e-02,5.001627604166666297e-01,3.594199999999999818e+03
7.296246246246246292e-01,4.749348958333333148e-01,2.473958333333333218e-02,5.003255208333333703e-01,3.607199999999999818e+03
7.366306306306306118e-01,4.764607747395833148e-01,2.351888020833333218e-02,5.000203450520833703e-01,3.618066666666666606e+03
7.436366366366365943e-01,4.850870768229166852e-01,1.334635416666666609e-02,5.015665690104166297e-01,3.630433333333333394e+03
7.506426426426426879e-01,4.801432291666666852e-01,1.981608072916666782e-02,5.000406901041666297e-01,3.643033333333333303e+03
7.576486486486486704e-01,4.773763020833333148e-01,2.254231770833333218e-02,5.000813802083333703e-01,3.654000000000000000e+03
7.646546546546546530e-01,4.899088541666666852e-01,9.928385416666666088e-03,5.001627604166666297e-01,3.667599999999999909e+03
7.716606606606606356e-01,4.781595865885416852e-01,1.920572916666666782e-02,5.026346842447916297e-01,3.679666666666666515e+03
7.786666666666666181e-01,4.745686848958333148e-01,2.452596028645833218e-02,5.009053548177083703e-01,3.690433333333333394e+03
7.856726726726727117e-01,4.793497721354166852e-01,2.012125651041666782e-02,5.005289713541666297e-01,3.702866666666666788e+03
7.926786786786786942e-01,4.653523763020833148e-01,3.456624348958333565e-02,5.000813802083333703e-01,3.715000000000000000e+03
7.996846846846846768e-01,4.699910481770833148e-01,2.956136067708333218e-02,5.004475911458333703e-01,3.726766666666666879e+03
8.066906906906906594e-01,4.722493489583333148e-01,2.766927083333333218e-02,5.000813802083333703e-01,3.738800000000000182e+03
8.136966966966966419e-01,4.712727864583333148e-01,2.840169270833333218e-02,5.003255208333333703e-01,3.749900000000000091e+03
8.207027027027027355e-01,4.641520182291666852e-01,3.519694010416666435e-02,5.006510416666666297e-01,3.762933333333333394e+03
8.277087087087087180e-01,4.600016276041666852e-01,3.989664713541666435e-02,5.001017252604166297e-01,3.775333333333333485e+03
8.347147147147147006e-01,4.613240559895833148e-01,3.847249348958333565e-02,5.002034505208333703e-01,3.787099999999999909e+03
8.417207207207206832e-01,4.627278645833333148e-01,3.548177083333333565e-02,5.017903645833333703e-01,3.798966666666666697e+03
8.487267267267267767e-01,4.645182291666666852e-01,3.531901041666666435e-02,5.001627604166666297e-01,3.810166666666666515e+03
8.557327327327327593e-01,4.641927083333333148e-01,3.572591145833333565e-02,5.000813802083333703e-01,3.820566666666666606e+03
8.627387387387387419e-01,4.638570149739583148e-01,3.590901692708333565e-02,5.002339680989583703e-01,3.831766666666666879e+03
8.697447447447447244e-01,4.651692708333333148e-01,3.450520833333333565e-02,5.003255208333333703e-01,3.843033333333333303e+03
8.767507507507507070e-01,4.674479166666666852e-01,3.190104166666666435e-02,5.006510416666666297e-01,3.856033333333333303e+03
8.837567567567568005e-01,4.595133463541666852e-01,3.956095377604166435e-02,5.009256998697916297e-01,3.868800000000000182e+03
8.907627627627627831e-01,4.672648111979166852e-01,3.165690104166666435e-02,5.010782877604166297e-01,3.879566666666666606e+03
8.977687687687687657e-01,4.595133463541666852e-01,4.047648111979166435e-02,5.000101725260416297e-01,3.890666666666666515e+03
9.047747747747747482e-01,4.563802083333333148e-01,4.329427083333333565e-02,5.003255208333333703e-01,3.903633333333333212e+03
9.117807807807807308e-01,4.572041829427083148e-01,4.192097981770833565e-02,5.008748372395833703e-01,3.914333333333333485e+03
9.187867867867868243e-01,4.625956217447916852e-01,3.678385416666666435e-02,5.006205240885416297e-01,3.925566666666666606e+03
9.257927927927928069e-01,4.632161458333333148e-01,3.645833333333333565e-02,5.003255208333333703e-01,3.937133333333333212e+03
9.327987987987987895e-01,4.596354166666666852e-01,3.971354166666666435e-02,5.006510416666666297e-01,3.949433333333333394e+03
9.398048048048047720e-01,4.601236979166666852e-01,3.946940104166666435e-02,5.004069010416666297e-01,3.959533333333333303e+03
9.468108108108107546e-01,4.593098958333333148e-01,3.987630208333333565e-02,5.008138020833333703e-01,3.972133333333333212e+03
9.538168168168168481e-01,4.634195963541666852e-01,3.653971354166666435e-02,5.000406901041666297e-01,3.983866666666666788e+03
9.608228228228228307e-01,4.656575520833333148e-01,3.426106770833333565e-02,5.000813802083333703e-01,3.995933333333333394e+03
9.678288288288288133e-01,4.596659342447916852e-01,3.974405924479166435e-02,5.005900065104166297e-01,4.007266666666666879e+03
9.748348348348347958e-01,4.583333333333333148e-01,4.134114583333333565e-02,5.003255208333333703e-01,4.018433333333333394e+03
9.818408408408408894e-01,4.565022786458333148e-01,4.347737630208333565e-02,5.000203450520833703e-01,4.028233333333333121e+03
9.888468468468468719e-01,4.563802083333333148e-01,4.329427083333333565e-02,5.003255208333333703e-01,4.041000000000000000e+03
9.958528528528528545e-01,4.558919270833333148e-01,4.390462239583333565e-02,5.002034505208333703e-01,4.052166666666666515e+03
1.002858858858858726e+00,4.573567708333333148e-01,4.231770833333333565e-02,5.003255208333333703e-01,4.064466666666666697e+03
1.009864864864864709e+00,4.558919270833333148e-01,4.329427083333333565e-02,5.008138020833333703e-01,4.076433333333333394e+03
1.016870870870870691e+00,4.593302408854166852e-01,3.989664713541666435e-02,5.007731119791666297e-01,4.087699999999999818e+03
1.023876876876876674e+00,4.581705729166666852e-01,4.117838541666666435e-02,5.006510416666666297e-01,4.098366666666666788e+03
1.030882882882882878e+00,4.607340494791666852e-01,3.910319010416666435e-02,5.001627604166666297e-01,4.110066666666666606e+03
1.037888888888888861e+00,4.593098958333333148e-01,4.036458333333333565e-02,5.003255208333333703e-01,4.122866666666666788e+03
1.044894894894894843e+00,4.580485026041666852e-01,4.184977213541666435e-02,5.001017252604166297e-01,4.133100000000000364e+03
1.051900900900900826e+00,4.585774739583333148e-01,4.134114583333333565e-02,5.000813802083333703e-01,4.145100000000000364e+03
1.058906906906906809e+00,4.632161458333333148e-01,3.645833333333333565e-02,5.003255208333333703e-01,4.157066666666666606e+03
1.065912912912912791e+00,4.630533854166666852e-01,3.666178385416666435e-02,5.002848307291666297e-01,4.168766666666666424e+03
1.072918918918918774e+00,4.640706380208333148e-01,3.584798177083333565e-02,5.000813802083333703e-01,4.180000000000000000e+03
1.079924924924924756e+00,4.654642740885416852e-01,3.452555338541666435e-02,5.000101725260416297e-01,4.192233333333333576e+03
1.086930930930930739e+00,4.568684895833333148e-01,4.305013020833333565e-02,5.000813802083333703e-01,4.205333333333333030e+03
1.093936936936936721e+00,4.580891927083333148e-01,4.182942708333333565e-02,5.000813802083333703e-01,4.216666666666666970e+03
1.100942942942942926e+00,4.647928873697916852e-01,3.516642252604166435e-02,5.000406901041666297e-01,4.227933333333333394e+03
1.107948948948948908e+00,4.558919270833333148e-01,4.402669270833333565e-02,5.000813802083333703e-01,4.239366666666666788e+03
1.114954954954954891e+00,4.596354166666666852e-01,3.971354166666666435e-02,5.006510416666666297e-01,4.250766666666666424e+03
1.121960960960960874e+00,4.541829427083333148e-01,4.573567708333333565e-02,5.000813802083333703e-01,4.262466666666666242e+03
1.128966966966966856e+00,4.596354166666666852e-01,4.026285807291666435e-02,5.001017252604166297e-01,4.274566666666666606e+03
1.135972972972972839e+00,4.612630208333333148e-01,3.865559895833333565e-02,5.000813802083333703e-01,4.285766666666666424e+03
1.142978978978978821e+00,4.638264973958333148e-01,3.615315755208333565e-02,5.000203450520833703e-01,4.297366666666666788e+03
1.149984984984984804e+00,4.641825358072916852e-01,3.580729166666666435e-02,5.000101725260416297e-01,4.309433333333333394e+03
1.156990990990990786e+00,4.582926432291666852e-01,4.154459635416666435e-02,5.001627604166666297e-01,4.321300000000000182e+03
1.163996996996996991e+00,4.606119791666666852e-01,3.910319010416666435e-02,5.002848307291666297e-01,4.333233333333333576e+03
1.171003003003002974e+00,4.634806315104166852e-01,3.647867838541666435e-02,5.000406901041666297e-01,4.344500000000000000e+03
1.178009009009008956e+00,4.678548177083333148e-01,3.206380208333333565e-02,5.000813802083333703e-01,4.356233333333333576e+03
1.185015015015014939e+00,4.673360188802083148e-01,3.264363606770833565e-02,5.000203450520833703e-01,4.367566666666666606e+03
1.192021021021020921e+00,4.662272135416666852e-01,3.373209635416666435e-02,5.000406901041666297e-01,4.379399999999999636e+03
1.199027027027026904e+00,4.641927083333333148e-01,3.572591145833333565e-02,5.000813802083333703e-01,4.391866666666666788e+03
1.206033033033032886e+00,4.639078776041666852e-01,3.605143229166666435e-02,5.000406901041666297e-01,4.404199999999999818e+03
1.213039039039038869e+00,4.635416666666666852e-01,3.629557291666666435e-02,5.001627604166666297e-01,4.415766666666666424e+03
1.220045045045044851e+00,4.638468424479166852e-01,3.614298502604166435e-02,5.000101725260416297e-01,4.427933333333333394e+03
1.227051051051050834e+00,4.605916341145833148e-01,3.932698567708333565e-02,5.000813802083333703e-01,4.439100000000000364e+03
1.234057057057057039e+00,4.630533854166666852e-01,3.678385416666666435e-02,5.001627604166666297e-01,4.449066666666666606e+03
1.241063063063063021e+00,4.664713541666666852e-01,3.336588541666666435e-02,5.001627604166666297e-01,4.460033333333333758e+03
1.248069069069069004e+00,4.677225748697916852e-01,3.226725260416666435e-02,5.000101725260416297e-01,4.472166666666666970e+03
1.255075075075074986e+00,4.645182291666666852e-01,3.531901041666666435e-02,5.001627604166666297e-01,4.483066666666666606e+03
1.262081081081080969e+00,4.685465494791666852e-01,3.144327799479166435e-02,5.000101725260416297e-01,4.494433333333333394e+03
1.269087087087086951e+00,4.673665364583333148e-01,3.230794270833333565e-02,5.003255208333333703e-01,4.505166666666666970e+03
1.276093093093092934e+00,4.670003255208333148e-01,3.255208333333333565e-02,5.004475911458333703e-01,4.515899999999999636e+03
1.283099099099098916e+00,4.645182291666666852e-01,3.531901041666666435e-02,5.001627604166666297e-01,4.527399999999999636e+03
1.290105105105104899e+00,4.620768229166666852e-01,3.776041666666666435e-02,5.001627604166666297e-01,4.538800000000000182e+03
1.297111111111111104e+00,4.617106119791666852e-01,3.812662760416666435e-02,5.001627604166666297e-01,4.549000000000000000e+03
1.304117117117117086e+00,4.640299479166666852e-01,3.586832682291666435e-02,5.001017252604166297e-01,4.560800000000000182e+03
1.311123123123123069e+00,4.564412434895833148e-01,4.338582356770833565e-02,5.001729329427083703e-01,4.571000000000000000e+03
1.318129129129129051e+00,4.621988932291666852e-01,3.776041666666666435e-02,5.000406901041666297e-01,4.581066666666666606e+03
1.325135135135135034e+00,4.577992757161458148e-01,4.163106282552083565e-02,5.005696614583333703e-01,4.591666666666666970e+03
1.332141141141141016e+00,4.572347005208333148e-01,4.268391927083333565e-02,5.000813802083333703e-01,4.602199999999999818e+03
1.339147147147146999e+00,4.576822916666666852e-01,4.227701822916666435e-02,5.000406901041666297e-01,4.613133333333333212e+03
1.346153153153152982e+00,4.568583170572916852e-01,4.303995768229166435e-02,5.001017252604166297e-01,4.624633333333333212e+03
1.353159159159158964e+00,4.634195963541666852e-01,3.653971354166666435e-02,5.000406901041666297e-01,4.636266666666666424e+03
1.360165165165164947e+00,4.679361979166666852e-01,3.190104166666666435e-02,5.001627604166666297e-01,4.646899999999999636e+03
1.367171171171171151e+00,4.664713541666666852e-01,3.336588541666666435e-02,5.001627604166666297e-01,4.656733333333333576e+03
1.374177177177177134e+00,4.623616536458333148e-01,3.761800130208333565e-02,5.000203450520833703e-01,4.668100000000000364e+03
1.381183183183183116e+00,4.650065104166666852e-01,3.483072916666666435e-02,5.001627604166666297e-01,4.680066666666666606e+03
1.388189189189189099e+00,4.594217936197916852e-01,4.032389322916666435e-02,5.002543131510416297e-01,4.691466666666666242e+03
1.395195195195195081e+00,4.574788411458333148e-01,4.250081380208333565e-02,5.000203450520833703e-01,4.701366666666666788e+03
1.402201201201201064e+00,4.530436197916666852e-01,4.691569010416666435e-02,5.000406901041666297e-01,4.711699999999999818e+03
1.409207207207207047e+00,4.497477213541666852e-01,5.015055338541666435e-02,5.001017252604166297e-01,4.722633333333333212e+03
1.416213213213213029e+00,4.379069010416666852e-01,6.168619791666666435e-02,5.004069010416666297e-01,4.731199999999999818e+03
1.423219219219219012e+00,4.389139811197916852e-01,6.107584635416666435e-02,5.000101725260416297e-01,4.741366666666666788e+03
1.430225225225225216e+00,4.429117838541666852e-01,5.704752604166666435e-02,5.000406901041666297e-01,4.751899999999999636e+03
1.437231231231231199e+00,4.440511067708333148e-01,5.592854817708333565e-02,5.000203450520833703e-01,4.761266666666666424e+03
1.444237237237237181e+00,4.431966145833333148e-01,5.672200520833333565e-02,5.000813802083333703e-01,4.771466666666666242e+03
1.451243243243243164e+00,4.375813802083333148e-01,6.184895833333333565e-02,5.005696614583333703e-01,4.781399999999999636e+03
1.458249249249249146e+00,4.380289713541666852e-01,6.180826822916666435e-02,5.001627604166666297e-01,4.790800000000000182e+03
1.465255255255255129e+00,4.440104166666666852e-01,5.594889322916666435e-02,5.000406901041666297e-01,4.800033333333333758e+03
1.472261261261261112e+00,4.403483072916666852e-01,5.961100260416666435e-02,5.000406901041666297e-01,4.810833333333333030e+03
1.479267267267267094e+00,4.401957194010416852e-01,5.979410807291666435e-02,5.000101725260416297e-01,4.820100000000000364e+03
1.486273273273273077e+00,4.390055338541666852e-01,6.095377604166666435e-02,5.000406901041666297e-01,4.830733333333333576e+03
1.493279279279279059e+00,4.412027994791666852e-01,5.875651041666666435e-02,5.000406901041666297e-01,4.840600000000000364e+03
1.500285285285285264e+00,4.409993489583333148e-01,5.898030598958333565e-02,5.000203450520833703e-01,4.850166666666666970e+03
1.507291291291291246e+00,4.357096354166666852e-01,6.424967447916667129e-02,5.000406901041666297e-01,4.860333333333333030e+03
1.514297297297297229e+00,4.366861979166666852e-01,6.327311197916667129e-02,5.000406901041666297e-01,4.869300000000000182e+03
1.521303303303303212e+00,4.303385416666666852e-01,6.949869791666667129e-02,5.001627604166666297e-01,4.879233333333333576e+03
1.528309309309309194e+00,4.311116536458333148e-01,6.868489583333332871e-02,5.002034505208333703e-01,4.887233333333333576e+03
1.535315315315315177e+00,4.305826822916666852e-01,6.937662760416667129e-02,5.000406901041666297e-01,4.896966666666666242e+03
1.542321321321321159e+00,4.297688802083333148e-01,6.953938802083332871e-02,5.006917317708333703e-01,4.906399999999999636e+03
1.549327327327327142e+00,4.329427083333333148e-01,6.703694661458332871e-02,5.000203450520833703e-01,4.914133333333333212e+03
1.556333333333333124e+00,4.265950520833333148e-01,7.329305013020832871e-02,5.001118977864583703e-01,4.923666666666666970e+03
1.563339339339339329e+00,4.266153971354166852e-01,7.334391276041667129e-02,5.000406901041666297e-01,4.933066666666666606e+03
1.570345345345345311e+00,4.274088541666666852e-01,7.242838541666667129e-02,5.001627604166666297e-01,4.941966666666666242e+03
1.577351351351351294e+00,4.265950520833333148e-01,7.338460286458332871e-02,5.000203450520833703e-01,4.950899999999999636e+03
1.584357357357357277e+00,4.296671549479166852e-01,7.032267252604167129e-02,5.000101725260416297e-01,4.960500000000000000e+03
1.591363363363363259e+00,4.347330729166666852e-01,6.510416666666667129e-02,5.001627604166666297e-01,4.967933333333333394e+03
1.598369369369369242e+00,4.373219807942708148e-01,6.267293294270832871e-02,5.000050862630208703e-01,4.975833333333333030e+03
1.605375375375375224e+00,4.325764973958333148e-01,6.709798177083332871e-02,5.003255208333333703e-01,4.986333333333333030e+03
1.612381381381381207e+00,4.298299153645833148e-01,7.014973958333332871e-02,5.000203450520833703e-01,4.993866666666666788e+03
1.619387387387387189e+00,4.298604329427083148e-01,7.011922200520832871e-02,5.000203450520833703e-01,5.002199999999999818e+03
1.626393393393393172e+00,4.314778645833333148e-01,6.837972005208332871e-02,5.001424153645833703e-01,5.010600000000000364e+03
1.633399399399399377e+00,4.357096354166666852e-01,6.424967447916667129e-02,5.000406901041666297e-01,5.020500000000000000e+03
1.640405405405405359e+00,4.287211100260416852e-01,7.126871744791667129e-02,5.000101725260416297e-01,5.028800000000000182e+03
1.647411411411411342e+00,4.264119466145833148e-01,7.338460286458332871e-02,5.002034505208333703e-01,5.038266666666666424e+03
1.654417417417417324e+00,4.291178385416666852e-01,7.084147135416667129e-02,5.000406901041666297e-01,5.045966666666666242e+03
1.661423423423423307e+00,4.271647135416666852e-01,7.279459635416667129e-02,5.000406901041666297e-01,5.054899999999999636e+03
1.668429429429429289e+00,4.246419270833333148e-01,7.527669270833332871e-02,5.000813802083333703e-01,5.063066666666666606e+03
1.675435435435435272e+00,4.243570963541666852e-01,7.560221354166667129e-02,5.000406901041666297e-01,5.071566666666666606e+03
1.682441441441441254e+00,4.270833333333333148e-01,7.283528645833332871e-02,5.000813802083333703e-01,5.080433333333333394e+03
1.689447447447447237e+00,4.291280110677083148e-01,7.059224446614582871e-02,5.002797444661458703e-01,5.087866666666666788e+03
1.696453453453453442e+00,4.290364583333333148e-01,7.088216145833332871e-02,5.000813802083333703e-01,5.096533333333333758e+03
1.703459459459459424e+00,4.294026692708333148e-01,7.057698567708332871e-02,5.000203450520833703e-01,5.104266666666666424e+03
1.710465465465465407e+00,4.304402669270833148e-01,6.953938802083332871e-02,5.000203450520833703e-01,5.112466666666666242e+03
1.717471471471471389e+00,4.285481770833333148e-01,7.137044270833332871e-02,5.000813802083333703e-01,5.121233333333333576e+03
1.724477477477477372e+00,4.272867838541666852e-01,7.261149088541667129e-02,5.001017252604166297e-01,5.128899999999999636e+03
1.731483483483483354e+00,4.305013020833333148e-01,6.941731770833332871e-02,5.000813802083333703e-01,5.136300000000000182e+03
1.738489489489489337e+00,4.295857747395833148e-01,7.039388020833332871e-02,5.000203450520833703e-01,5.144133333333333212e+03
1.745495495495495319e+00,4.344278971354166852e-01,6.553141276041667129e-02,5.000406901041666297e-01,5.152600000000000364e+03
1.752501501501501302e+00,4.300130208333333148e-01,6.996663411458332871e-02,5.000203450520833703e-01,5.161233333333333576e+03
1.759507507507507285e+00,4.245198567708333148e-01,7.539876302083332871e-02,5.000813802083333703e-01,5.169699999999999818e+03
1.766513513513513489e+00,4.244791666666666852e-01,7.535807291666667129e-02,5.001627604166666297e-01,5.178500000000000000e+03
1.773519519519519472e+00,4.256998697916666852e-01,7.425944010416667129e-02,5.000406901041666297e-01,5.186699999999999818e+03
1.780525525525525454e+00,4.256184895833333148e-01,7.430013020833332871e-02,5.000813802083333703e-01,5.194066666666666606e+03
1.787531531531531437e+00,4.271647135416666852e-01,7.282511393229167129e-02,5.000101725260416297e-01,5.201100000000000364e+03
1.794537537537537419e+00,4.261881510416666852e-01,7.364908854166667129e-02,5.001627604166666297e-01,5.210466666666666242e+03
1.801543543543543402e+00,4.273173014322916852e-01,7.267252604166667129e-02,5.000101725260416297e-01,5.218566666666666606e+03
1.808549549549549385e+00,4.222819010416666852e-01,7.767740885416667129e-02,5.000406901041666297e-01,5.226199999999999818e+03
1.815555555555555367e+00,4.234212239583333148e-01,7.649739583333332871e-02,5.000813802083333703e-01,5.234699999999999818e+03
1.822561561561561350e+00,4.216512044270833148e-01,7.832845052083332871e-02,5.000203450520833703e-01,5.241899999999999636e+03
1.829567567567567554e+00,4.226481119791666852e-01,7.718912760416667129e-02,5.001627604166666297e-01,5.250333333333333030e+03
1.836573573573573537e+00,4.243977864583333148e-01,7.552083333333332871e-02,5.000813802083333703e-01,5.258699999999999818e+03
1.843579579579579519e+00,4.244791666666666852e-01,7.548014322916667129e-02,5.000406901041666297e-01,5.267266666666666424e+03
1.850585585585585502e+00,4.235432942708333148e-01,7.637532552083332871e-02,5.000813802083333703e-01,5.275933333333333394e+03
1.857591591591591484e+00,4.243977864583333148e-01,7.552083333333332871e-02,5.000813802083333703e-01,5.284166666666666970e+03
1.864597597597597467e+00,4.250691731770833148e-01,7.491048177083332871e-02,5.000203450520833703e-01,5.292800000000000182e+03
1.871603603603603450e+00,4.264729817708333148e-01,7.350667317708332871e-02,5.000203450520833703e-01,5.300399999999999636e+03
1.878609609609609432e+00,4.373372395833333148e-01,6.258138020833332871e-02,5.000813802083333703e-01,5.308566666666666606e+03
1.885615615615615415e+00,4.374593098958333148e-01,6.252034505208332871e-02,5.000203450520833703e-01,5.316300000000000182e+03
1.892621621621621397e+00,4.297078450520833148e-01,7.027180989583332871e-02,5.000203450520833703e-01,5.324500000000000000e+03
1.899627627627627602e+00,4.298502604166666852e-01,6.998697916666667129e-02,5.001627604166666297e-01,5.332000000000000000e+03
1.906633633633633584e+00,4.297078450520833148e-01,7.027180989583332871e-02,5.000203450520833703e-01,5.339199999999999818e+03
1.913639639639639567e+00,4.149983723958333148e-01,8.498128255208332871e-02,5.000203450520833703e-01,5.346100000000000364e+03
1.920645645645645549e+00,4.228719075520833148e-01,7.680257161458332871e-02,5.003255208333333703e-01,5.354333333333333030e+03
1.927651651651651532e+00,4.241383870442708148e-01,7.550557454427082871e-02,5.003560384114583703e-01,5.361133333333333212e+03
1.934657657657657515e+00,4.176839192708333148e-01,8.229573567708332871e-02,5.000203450520833703e-01,5.368433333333333394e+03
1.941663663663663497e+00,4.180094401041666852e-01,8.182779947916667129e-02,5.001627604166666297e-01,5.375866666666666788e+03
1.948669669669669480e+00,4.190266927083333148e-01,8.089192708333332871e-02,5.000813802083333703e-01,5.382866666666666788e+03
1.955675675675675462e+00,4.234212239583333148e-01,7.649739583333332871e-02,5.000813802083333703e-01,5.391100000000000364e+03
1.962681681681681667e+00,4.225260416666666852e-01,7.731119791666667129e-02,5.001627604166666297e-01,5.397366666666666788e+03
1.969687687687687649e+00,4.180501302083333148e-01,8.186848958333332871e-02,5.000813802083333703e-01,5.403899999999999636e+03
1.976693693693693632e+00,4.185384114583333148e-01,8.144124348958332871e-02,5.000203450520833703e-01,5.412000000000000000e+03
1.983699699699699615e+00,4.172770182291666852e-01,8.268229166666667129e-02,5.000406901041666297e-01,5.419533333333333758e+03
1.990705705705705597e+00,4.173787434895833148e-01,8.253987630208332871e-02,5.000813802083333703e-01,5.426466666666666242e+03
1.997711711711711580e+00,4.166666666666666852e-01,8.317057291666667129e-02,5.001627604166666297e-01,5.433500000000000000e+03
2.004717717717717562e+00,4.178975423177083148e-01,8.208211263020832871e-02,5.000203450520833703e-01,5.440933333333333394e+03
2.011723723723723545e+00,4.151204427083333148e-01,8.479817708333332871e-02,5.000813802083333703e-01,5.449366666666666788e+03
2.018729729729729527e+00,4.155782063802083148e-01,8.440144856770832871e-02,5.000203450520833703e-01,5.455699999999999818e+03
2.025735735735735510e+00,4.188639322916666852e-01,8.109537760416667129e-02,5.000406901041666297e-01,5.462266666666666424e+03
2.032741741741741492e+00,4.182942708333333148e-01,8.168538411458332871e-02,5.000203450520833703e-01,5.469066666666666606e+03
2.039747747747747475e+00,4.069010416666666852e-01,9.293619791666667129e-02,5.001627604166666297e-01,5.477133333333333212e+03
2.046753753753753458e+00,4.130045572916666852e-01,8.695475260416667129e-02,5.000406901041666297e-01,5.484066666666666606e+03
2.053759759759759440e+00,4.117838541666666852e-01,8.805338541666667129e-02,5.001627604166666297e-01,5.491699999999999818e+03
2.060765765765765867e+00,4.135945638020833148e-01,8.638509114583332871e-02,5.000203450520833703e-01,5.499033333333333758e+03
2.067771771771771849e+00,4.133707682291666852e-01,8.646647135416667129e-02,5.001627604166666297e-01,5.506233333333333576e+03
2.074777777777777832e+00,4.135945638020833148e-01,8.638509114583332871e-02,5.000203450520833703e-01,5.512633333333333212e+03
2.081783783783783814e+00,4.124552408854166852e-01,8.725992838541667129e-02,5.002848307291666297e-01,5.520399999999999636e+03
2.088789789789789797e+00,4.124348958333333148e-01,8.723958333333332871e-02,5.003255208333333703e-01,5.527866666666666788e+03
2.095795795795795780e+00,4.113362630208333148e-01,8.858235677083332871e-02,5.000813802083333703e-01,5.533699999999999818e+03
2.102801801801801762e+00,4.119466145833333148e-01,8.797200520833332871e-02,5.000813802083333703e-01,5.539866666666666788e+03
2.109807807807807745e+00,4.100748697916666852e-01,8.988444010416667129e-02,5.000406901041666297e-01,5.546566666666666606e+03
2.116813813813813727e+00,4.093424479166666852e-01,9.061686197916667129e-02,5.000406901041666297e-01,5.553233333333333576e+03
2.123819819819819710e+00,4.100748697916666852e-01,8.988444010416667129e-02,5.000406901041666297e-01,5.560100000000000364e+03
2.130825825825825692e+00,4.112955729166666852e-01,8.854166666666667129e-02,5.001627604166666297e-01,5.567100000000000364e+03
2.137831831831831675e+00,4.105428059895833148e-01,8.925374348958332871e-02,5.002034505208333703e-01,5.573800000000000182e+03
2.144837837837837657e+00,4.101155598958333148e-01,8.986409505208332871e-02,5.000203450520833703e-01,5.579666666666666970e+03
2.151843843843843640e+00,4.060872395833333148e-01,9.383138020833332871e-02,5.000813802083333703e-01,5.587933333333333394e+03
2.158849849849849623e+00,4.060465494791666852e-01,9.391276041666667129e-02,5.000406901041666297e-01,5.594933333333333394e+03
2.165855855855855605e+00,4.110514322916666852e-01,8.890787760416667129e-02,5.000406901041666297e-01,5.600233333333333576e+03
2.172861861861861588e+00,4.110921223958333148e-01,8.888753255208332871e-02,5.000203450520833703e-01,5.607000000000000000e+03
2.179867867867867570e+00,4.150594075520833148e-01,8.492024739583332871e-02,5.000203450520833703e-01,5.614533333333333758e+03
2.186873873873873553e+00,4.088541666666666852e-01,9.098307291666667129e-02,5.001627604166666297e-01,5.621633333333333212e+03
2.193879879879879979e+00,4.181315104166666852e-01,8.170572916666667129e-02,5.001627604166666297e-01,5.628566666666666606e+03
2.200885885885885962e+00,4.044596354166666852e-01,9.549967447916667129e-02,5.000406901041666297e-01,5.635833333333333030e+03
2.207891891891891945e+00,4.172159830729166852e-01,8.268229166666667129e-02,5.001017252604166297e-01,5.642066666666666606e+03
2.214897897897897927e+00,4.102681477864583148e-01,8.972676595052082871e-02,5.000050862630208703e-01,5.648300000000000182e+03
2.221903903903903910e+00,4.199422200520833148e-01,8.003743489583332871e-02,5.000203450520833703e-01,5.655500000000000000e+03
2.228909909909909892e+00,4.023844401041666852e-01,9.757486979166667129e-02,5.000406901041666297e-01,5.661733333333333576e+03
